# logA ns theta_MC_100 ombh2 omch2 w wa beta_DE tau A_planck calib_100T calib_217T A_cib_217 xi_sz_cib A_sz ksz_norm gal545_A_100 gal545_A_143 gal545_A_143_217 gal545_A_217 ps_A_100_100 ps_A_143_143 ps_A_143_217 ps_A_217_217 galf_TE_A_100 galf_TE_A_100_143 galf_TE_A_100_217 galf_TE_A_143 galf_TE_A_143_217 galf_TE_A_217
1.800359410387886345e-04 1.476732908417861986e-05 7.203775721172373831e-07 5.229013786152658067e-07 -5.576394961446491736e-06 -4.607558922852311918e-05 2.284355926506967513e-04 2.637394412360723629e-03 9.403784577198464147e-05 2.051390786239772363e-06 2.672447769755354851e-07 -1.982193122065073504e-07 -5.123169123787698308e-04 8.894343368871828457e-05 2.449594569391250437e-04 -1.251997142153841785e-03 1.553113622595592820e-05 -3.269307670353853099e-04 -8.739847428759653456e-04 -1.696518995857492114e-03 -3.125366014618018249e-03 -5.399043140495505926e-03 -1.713718266639052993e-03 -1.406801628233009076e-03 -1.314163844793591880e-05 5.996411207848982377e-06 1.314865091805679868e-05 2.770233473782990847e-06 5.578420062760832905e-06 -6.626022307570777353e-05
1.476732908417861986e-05 1.437103094625788887e-05 2.811427872532446796e-07 1.671086181842768435e-07 -2.421369855637381956e-06 -1.769373674470434176e-05 1.545716474422858405e-04 4.562650387157812554e-04 9.310505140244465204e-06 1.580986166870515652e-06 -4.865310888596613539e-08 -6.232598618541625386e-08 -3.833075021684445496e-03 8.876860533238378835e-05 7.623788113785543753e-04 -2.110991317884981355e-03 1.738450929384872826e-04 -4.367247416187628080e-04 -5.832497842171907370e-04 8.282968044069151685e-04 -2.076861082284110760e-02 -5.585103316502754676e-03 1.525917667679856180e-03 4.828345462966002720e-03 2.362350516618884563e-07 1.919606964700354866e-06 2.261459588600947658e-06 -2.884704933176522610e-07 -1.848655972991333624e-06 -1.365429850931391831e-05
7.203775721172373831e-07 2.811427872532446796e-07 8.688660815397696766e-08 1.201282958796665626e-08 -6.983343032019020545e-08 -4.213907415342366282e-07 5.810886528886776548e-06 2.310177232877211461e-05 3.418674059281336388e-07 6.073993353054620201e-08 3.623801236249016729e-09 1.715883853948856496e-09 -3.605840669425565756e-05 1.904896280840091112e-06 -5.698094110879041202e-06 6.984480993724027439e-06 5.583488632415043013e-06 -1.334109433659797799e-05 1.521658188558530481e-06 4.658397133558047482e-05 -8.264989561099147109e-05 2.733998346447308497e-06 6.940946129607934021e-06 2.440867739839871041e-05 -2.220869624904085083e-07 4.204961012381841340e-08 -4.407899052292926571e-07 5.530347269638632494e-08 -5.003292404268477253e-07 -1.736253927161929251e-06
5.229013786152658067e-07 1.671086181842768435e-07 1.201282958796665626e-08 1.852721676661156333e-08 -6.146531905655266485e-08 -2.934072077957056735e-07 3.476265622030304814e-06 1.479401206089936715e-05 2.605057807480749743e-07 3.262778830990836949e-08 2.455942500434274444e-09 -3.158014691642334786e-10 -8.150675741564100457e-05 1.497815311981230745e-06 9.755351723595959799e-06 -2.509024845337160377e-05 4.167036667218960773e-06 -8.606761500043651008e-06 -1.390034889760506565e-05 1.734945268455021097e-05 -2.973797152137445791e-04 -1.824139010144332869e-04 -6.380238848275697342e-05 1.827553794470698556e-05 -1.343437848838037980e-07 -6.484358709166376864e-09 1.474082010281118126e-07 -2.152042764224182635e-07 -4.461309925298147514e-07 -1.556275863589259048e-06
-5.576394961446491736e-06 -2.421369855637381956e-06 -6.983343032019020545e-08 -6.146531905655266485e-08 9.912808332884642408e-07 6.505337774482709904e-06 -5.964523177985529368e-05 -1.696346716279792475e-04 -3.240205530341352437e-06 -6.983574524088304937e-07 -9.804894705707005550e-09 4.133868459880995262e-09 9.376797534023327270e-05 -3.217845568685452990e-06 -1.853738550305426198e-05 1.000413726750994662e-04 3.778190349768080716e-06 5.412201977642859709e-05 7.406199339633607833e-05 -3.896861465552966179e-06 7.180416193319730678e-04 5.394939789974853399e-04 2.848369623787394794e-04 -4.633054497935961915e-05 6.183478005596450858e-07 -2.041109582432980118e-07 -1.406564402781508646e-06 4.584193622755844060e-07 4.425604057570136212e-07 3.364860938435420394e-06
-4.607558922852311918e-05 -1.769373674470434176e-05 -4.213907415342366282e-07 -2.934072077957056735e-07 6.505337774482709904e-06 4.567223164913265798e-03 -2.389907679523110492e-02 4.817087639313975822e-02 -2.235561069108176136e-05 -8.835753510397296025e-06 3.740180036075355118e-07 1.954426806865067992e-07 -1.883726507740934430e-03 2.710968715158128939e-05 4.714937732278182310e-03 -2.869517076517858270e-03 -3.458469097501588006e-03 -2.024193249831933005e-03 1.793655411139653095e-04 -1.452653876048277688e-03 -1.767897071910680754e-02 5.010776463568656323e-03 1.792070405003970759e-02 1.007360202570737294e-02 -5.895788391869514342e-06 1.037534349917704760e-05 -1.513106664782702909e-04 4.763832465150646370e-05 -3.348000015810673419e-05 -7.803863791122265213e-05
2.284355926506967242e-04 1.545716474422858134e-04 5.810886528886776548e-06 3.476265622030304814e-06 -5.964523177985530045e-05 -2.389907679523110492e-02 1.748277309107495736e-01 -4.965556424656468737e-01 1.368988929314130713e-04 4.691247092601609275e-05 -1.470393936668567933e-06 -4.331099550649015577e-07 -2.455412142265992956e-03 -1.636528380997307808e-04 -2.484615354278806032e-02 1.805126631033822718e-02 2.031271842785985215e-02 -9.750578085530465502e-04 -9.746656706880848370e-03 8.445701394136173254e-03 -1.795839410509545570e-02 -4.816955031790338959e-02 -1.019855542770219115e-01 -5.712705425954801158e-02 6.841604230950333013e-05 6.738029774902933223e-06 8.138390761159885241e-04 -2.775694914353818888e-04 4.456511462036151115e-04 9.716867845945275110e-04
2.637394412360723629e-03 4.562650387157812554e-04 2.310177232877211461e-05 1.479401206089936715e-05 -1.696346716279792475e-04 4.817087639313975822e-02 -4.965556424656468737e-01 2.535280404588577507e+00 1.210066661682082049e-03 2.992272251277671769e-04 1.277041248599623275e-05 -5.227047546031986071e-06 -1.180651613145150026e-02 2.492506948488010157e-03 3.966131252638209481e-02 -9.521242772432736423e-02 -9.924074879347922346e-03 1.187462865956070805e-02 4.437367365797437180e-02 6.190435805163244792e-02 3.419947848593120621e-01 -2.727344284936452506e-02 6.750529058449003528e-02 1.723594303492797242e-01 -9.021139802829027717e-04 2.150208686910606111e-04 -1.819005394122213872e-03 -1.490277111804210939e-04 -4.395598406787513956e-03 -9.423818933679802348e-03
9.403784577198464147e-05 9.310505140244465204e-06 3.418674059281336388e-07 2.605057807480749743e-07 -3.240205530341352437e-06 -2.235561069108176136e-05 1.368988929314131256e-04 1.210066661682082049e-03 5.421413260803191578e-05 -3.049331784858885336e-06 8.437384490216346462e-08 -9.642120516743808765e-08 -3.375252364279178571e-04 3.424563485602510584e-05 1.430505918356023707e-04 -4.900677721439906280e-04 1.067532753804389511e-04 -4.729626882423533562e-05 -4.663793763773879165e-04 -1.590040063818196851e-03 -3.926774828647539538e-03 -3.712241558324155810e-03 -1.928366295944920631e-03 -2.626289833724096672e-03 -5.715980674064288085e-06 4.110196200088876445e-06 7.156633579515320612e-06 3.576839909426212189e-06 7.529455173249659141e-06 -3.899886135677484145e-05
2.051390786239772363e-06 1.580986166870515652e-06 6.073993353054620201e-08 3.262778830990836949e-08 -6.983574524088304937e-07 -8.835753510397296025e-06 4.691247092601608597e-05 2.992272251277671769e-04 -3.049331784858885336e-06 5.076295960878351735e-06 6.917177536499183975e-10 6.665137810521898406e-09 9.053345776242372215e-04 -9.136045285109623126e-06 -2.239407537852129866e-05 1.150142429009002470e-04 1.916971973339426412e-05 9.493416640168489417e-05 1.623020456488966556e-04 7.026207183267566296e-04 4.357321754146311309e-03 5.179105191732111561e-04 -1.357298330455552950e-04 4.157637946557989918e-04 -9.039264600924184860e-07 -6.841372375233968184e-07 7.950904817276184598e-07 -2.884430373466867863e-06 -3.057568212308185792e-06 4.651645382900655370e-06
2.672447769755354851e-07 -4.865310888596613539e-08 3.623801236249016729e-09 2.455942500434274444e-09 -9.804894705707005550e-09 3.740180036075355118e-07 -1.470393936668567933e-06 1.277041248599622936e-05 8.437384490216346462e-08 6.917177536499183975e-10 3.839191027205209377e-07 -1.092219227856067650e-09 -1.393548449028285082e-04 2.451239235427761011e-06 1.175332472982952461e-04 -7.470301647828204268e-05 1.730022237860151990e-04 -2.017553889508854378e-04 -2.143502620974858852e-05 4.980718360797404566e-05 3.778464098194056226e-03 9.620214212963599371e-05 3.659088859062778823e-04 3.328095855641711445e-04 -2.689631539193672285e-07 -2.269658462542500875e-07 6.182065643705485701e-08 2.367188820663946634e-07 3.722731136027223879e-07 -2.386191109872663272e-06
-1.982193122065073504e-07 -6.232598618541625386e-08 1.715883853948856496e-09 -3.158014691642334786e-10 4.133868459880995262e-09 1.954426806865070110e-07 -4.331099550649015577e-07 -5.227047546031987765e-06 -9.642120516743808765e-08 6.665137810521898406e-09 -1.092219227856067650e-09 3.878274278118238354e-07 7.589403165529935019e-04 -7.692846563958408344e-06 -3.874883170486302464e-06 5.466776161255787152e-06 8.382690269564198031e-06 -3.204098105150437543e-05 4.067751455973483130e-04 9.119247839302719802e-04 3.927700899024190277e-04 -6.648119840280066091e-05 -5.024802225298127464e-04 -1.418827677673020890e-03 -1.061975528410713294e-07 -2.497565995291362202e-07 3.546506745870615677e-07 -4.592858783267862721e-07 -5.273397804012532766e-07 -1.391086694264766111e-06
-5.123169123787696139e-04 -3.833075021684445496e-03 -3.605840669425565756e-05 -8.150675741564100457e-05 9.376797534023327270e-05 -1.883726507740935080e-03 -2.455412142265992956e-03 -1.180651613145156098e-02 -3.375252364279180198e-04 9.053345776242372215e-04 -1.393548449028285082e-04 7.589403165529935019e-04 4.487127239961726843e+01 -3.786396077683880090e-01 -6.299161307126253107e-01 -4.035994491778214788e-01 2.239332692734194163e-01 5.625447564303978076e-01 -5.453585611554082391e+00 -3.287648961869280129e+01 3.627486314914512633e+01 2.202431423355386997e+00 -1.277218130413037755e+01 -5.536954860923776067e+01 -5.526022566739693161e-04 -1.648664050671548109e-03 -9.162703577808945996e-03 9.164827523349711343e-05 7.290872579697915863e-03 2.159539358127179204e-02
8.894343368871828457e-05 8.876860533238377479e-05 1.904896280840090900e-06 1.497815311981231168e-06 -3.217845568685452990e-06 2.710968715158123518e-05 -1.636528380997306182e-04 2.492506948488010157e-03 3.424563485602512617e-05 -9.136045285109623126e-06 2.451239235427760588e-06 -7.692846563958408344e-06 -3.786396077683880090e-01 8.197793104019068799e-02 -4.058759398346149100e-02 5.176365474235429531e-02 -7.772525676834932465e-03 4.752532177698104779e-03 9.078451367260338689e-02 9.810244467751533248e-02 -5.574158326007351283e-01 9.155084819874496072e-01 1.714555075336265499e+00 6.179310767850636488e-01 -1.812629058162754353e-04 -5.157399195611997585e-05 5.771210606209895575e-04 1.776472575478661600e-04 -2.308123454073327798e-04 2.260403765224198915e-03
2.449594569391250437e-04 7.623788113785544837e-04 -5.698094110879041202e-06 9.755351723595959799e-06 -1.853738550305425182e-05 4.714937732278181443e-03 -2.484615354278806032e-02 3.966131252638208787e-02 1.430505918356023436e-04 -2.239407537852130205e-05 1.175332472982952461e-04 -3.874883170486302464e-06 -6.299161307126254217e-01 -4.058759398346149100e-02 3.801033895525422590e+00 -2.680839013057105369e+00 -2.600646501935566790e-01 1.286663182566665231e-01 2.529329398462406786e+00 3.073805863978123387e+00 -2.899990125968677646e+01 -3.368352834517404748e+00 7.485893073351616245e+00 5.026279723900072050e+00 2.969134959101923541e-04 5.631741684880909368e-04 -7.499492792716382300e-04 -1.607366714949406798e-04 9.120569640706734007e-04 5.220988207849634613e-04
-1.251997142153842002e-03 -2.110991317884981355e-03 6.984480993724029980e-06 -2.509024845337160716e-05 1.000413726750994662e-04 -2.869517076517859571e-03 1.805126631033823065e-02 -9.521242772432735035e-02 -4.900677721439907365e-04 1.150142429009002606e-04 -7.470301647828204268e-05 5.466776161255783764e-06 -4.035994491778214233e-01 5.176365474235428144e-02 -2.680839013057104925e+00 5.777164295285929896e+00 1.325344118545869754e-01 -2.236814200033864497e-01 -1.969927104888891778e+00 -1.951277873301526578e+00 1.287857039758292998e+01 -4.667074829816334258e+00 -1.150159433304916234e+01 -8.801764817823510612e+00 -1.333775300800862235e-04 -8.577976110417733727e-04 2.981084164050866263e-04 -1.266800902520520125e-03 1.027946330168911810e-03 5.302318971844452444e-03
1.553113622595602645e-05 1.738450929384872826e-04 5.583488632415043860e-06 4.167036667218960773e-06 3.778190349768080716e-06 -3.458469097501588440e-03 2.031271842785984522e-02 -9.924074879347917141e-03 1.067532753804389240e-04 1.916971973339425735e-05 1.730022237860151990e-04 8.382690269564194643e-06 2.239332692734194163e-01 -7.772525676834929863e-03 -2.600646501935566790e-01 1.325344118545870031e-01 3.328980090991932705e+00 5.615252415688724019e-01 1.361259653092495303e-01 -1.703657839867992255e-02 -5.774937521140597774e+00 -4.067888327754368150e-01 -1.037421844714332630e+00 -6.660790565520351425e-01 -6.181332263992592429e-04 8.209466744668422907e-05 2.402425682682900361e-03 -1.868116585946059645e-03 -7.240686973314472722e-04 -6.147833501519604608e-03
-3.269307670353852014e-04 -4.367247416187628080e-04 -1.334109433659797291e-05 -8.606761500043651008e-06 5.412201977642858353e-05 -2.024193249831932571e-03 -9.750578085530428639e-04 1.187462865956072366e-02 -4.729626882423533562e-05 9.493416640168489417e-05 -2.017553889508854378e-04 -3.204098105150437543e-05 5.625447564303979187e-01 4.752532177698105646e-03 1.286663182566665509e-01 -2.236814200033864219e-01 5.615252415688721799e-01 3.226143397219304099e+00 2.717563787499705175e+00 2.731830561671491076e+00 6.735550094131250276e+00 -1.365171371095021957e+00 -8.461982248895570935e-01 -1.178618727253420095e+00 -6.415709027120090370e-04 -8.948939471800824259e-04 1.319790142751750463e-03 -2.610777503592632979e-04 8.586350411645437327e-04 -1.163592681408497087e-03
-8.739847428759653456e-04 -5.832497842171907370e-04 1.521658188558534716e-06 -1.390034889760506565e-05 7.406199339633609189e-05 1.793655411139651469e-04 -9.746656706880844900e-03 4.437367365797439261e-02 -4.663793763773879165e-04 1.623020456488966285e-04 -2.143502620974858513e-05 4.067751455973482588e-04 -5.453585611554082391e+00 9.078451367260340077e-02 2.529329398462406786e+00 -1.969927104888891778e+00 1.361259653092495303e-01 2.717563787499705175e+00 1.062789135637891391e+01 1.899133794868567549e+01 -9.414202143078609808e+00 3.031086718216110754e+00 4.193901715226864724e+00 4.887258622228085159e+00 -5.248466992124012310e-04 -1.390888727121186025e-03 -5.041339366862726329e-04 -1.378116908798510164e-03 -8.668581048240082520e-05 1.952239058735774288e-02
-1.696518995857491897e-03 8.282968044069151685e-04 4.658397133558047482e-05 1.734945268455021097e-05 -3.896861465552966179e-06 -1.452653876048277037e-03 8.445701394136173254e-03 6.190435805163246874e-02 -1.590040063818196634e-03 7.026207183267566296e-04 4.980718360797404566e-05 9.119247839302719802e-04 -3.287648961869280129e+01 9.810244467751533248e-02 3.073805863978124275e+00 -1.951277873301526578e+00 -1.703657839867993296e-02 2.731830561671491076e+00 1.899133794868567549e+01 5.309746086371715990e+01 -2.123165644807016861e+01 3.048966012230847955e+00 6.511932963814173192e+00 3.239030671718332144e+01 -1.022579332962701704e-03 -1.504005970816690374e-03 3.092748489098324106e-03 -1.429879417607396582e-03 -3.233848786647313799e-03 1.780150057078570131e-02
-3.125366014618019116e-03 -2.076861082284110760e-02 -8.264989561099149820e-05 -2.973797152137445791e-04 7.180416193319731763e-04 -1.767897071910680754e-02 -1.795839410509545223e-02 3.419947848593120066e-01 -3.926774828647541273e-03 4.357321754146312176e-03 3.778464098194056226e-03 3.927700899024191904e-04 3.627486314914511922e+01 -5.574158326007351283e-01 -2.899990125968677290e+01 1.287857039758292998e+01 -5.774937521140597774e+00 6.735550094131250276e+00 -9.414202143078611584e+00 -2.123165644807016861e+01 7.579444439399380826e+02 6.957842341100619876e+01 -5.273716228870546985e+01 -6.100414634954389470e+01 -7.151815912332862638e-03 -1.117863969799837674e-02 -5.693572169548392729e-03 3.102540531827426007e-02 2.987296418601281811e-02 -1.277191436292257620e-01
-5.399043140495505926e-03 -5.585103316502754676e-03 2.733998346447308497e-06 -1.824139010144332869e-04 5.394939789974853399e-04 5.010776463568654589e-03 -4.816955031790341041e-02 -2.727344284936455629e-02 -3.712241558324155810e-03 5.179105191732112645e-04 9.620214212963599371e-05 -6.648119840280066091e-05 2.202431423355386997e+00 9.155084819874496072e-01 -3.368352834517405636e+00 -4.667074829816334258e+00 -4.067888327754369815e-01 -1.365171371095021957e+00 3.031086718216110754e+00 3.048966012230847955e+00 6.957842341100619876e+01 6.024680641061461728e+01 3.922719491429650418e+01 1.355324248132444609e+01 -2.281290782630212427e-03 -2.311404624831355902e-03 2.682852267578837886e-03 5.174330637306434610e-03 3.777309538016800344e-03 6.299400894421268438e-02
-1.713718266639052776e-03 1.525917667679856180e-03 6.940946129607941644e-06 -6.380238848275697342e-05 2.848369623787394794e-04 1.792070405003970759e-02 -1.019855542770219253e-01 6.750529058448996589e-02 -1.928366295944920631e-03 -1.357298330455553221e-04 3.659088859062778823e-04 -5.024802225298127464e-04 -1.277218130413038111e+01 1.714555075336265721e+00 7.485893073351616245e+00 -1.150159433304916412e+01 -1.037421844714332630e+00 -8.461982248895569825e-01 4.193901715226865612e+00 6.511932963814174080e+00 -5.273716228870546985e+01 3.922719491429650418e+01 8.486728727297996500e+01 5.211042634364458337e+01 -1.954092986228679607e-03 3.095819205731369962e-03 1.359831861809346863e-02 1.052880520951197073e-02 -2.431943058823647554e-03 3.685955471245088572e-02
-1.406801628233008859e-03 4.828345462966002720e-03 2.440867739839871380e-05 1.827553794470698894e-05 -4.633054497935963948e-05 1.007360202570737294e-02 -5.712705425954799771e-02 1.723594303492797242e-01 -2.626289833724096672e-03 4.157637946557991003e-04 3.328095855641711445e-04 -1.418827677673020890e-03 -5.536954860923776067e+01 6.179310767850636488e-01 5.026279723900072938e+00 -8.801764817823510612e+00 -6.660790565520351425e-01 -1.178618727253420095e+00 4.887258622228085159e+00 3.239030671718332144e+01 -6.100414634954389470e+01 1.355324248132444609e+01 5.211042634364458337e+01 1.034066513596140737e+02 2.046518446563133902e-03 5.501765432318183463e-03 1.082153295624600949e-02 4.562084972451048610e-03 -1.208260639346575224e-02 -4.036784039463103130e-02
-1.314163844793591541e-05 2.362350516618876887e-07 -2.220869624904085083e-07 -1.343437848838037980e-07 6.183478005596451916e-07 -5.895788391869516883e-06 6.841604230950333013e-05 -9.021139802829026633e-04 -5.715980674064288085e-06 -9.039264600924182742e-07 -2.689631539193672285e-07 -1.061975528410712897e-07 -5.526022566739697498e-04 -1.812629058162754353e-04 2.969134959101920831e-04 -1.333775300800862235e-04 -6.181332263992594597e-04 -6.415709027120090370e-04 -5.248466992124020984e-04 -1.022579332962701920e-03 -7.151815912332865240e-03 -2.281290782630213294e-03 -1.954092986228678306e-03 2.046518446563135203e-03 1.484509899909323017e-03 2.914083203836921230e-04 1.393307267247681004e-04 -3.451824776958624429e-04 -8.147888646950409309e-05 9.329702695164867449e-05
5.996411207848982377e-06 1.919606964700354866e-06 4.204961012381843326e-08 -6.484358709166381828e-09 -2.041109582432980912e-07 1.037534349917704252e-05 6.738029774902933223e-06 2.150208686910609905e-04 4.110196200088878140e-06 -6.841372375233965007e-07 -2.269658462542500081e-07 -2.497565995291362731e-07 -1.648664050671548760e-03 -5.157399195611998263e-05 5.631741684880911536e-04 -8.577976110417735896e-04 8.209466744668412065e-05 -8.948939471800826427e-04 -1.390888727121185374e-03 -1.504005970816691675e-03 -1.117863969799837501e-02 -2.311404624831356770e-03 3.095819205731369528e-03 5.501765432318185198e-03 2.914083203836921772e-04 8.885972630379304973e-04 3.870262715188506743e-05 7.427399347194230290e-04 3.744292868072563460e-05 -6.030293582534894175e-04
1.314865091805680376e-05 2.261459588600946387e-06 -4.407899052292926571e-07 1.474082010281118126e-07 -1.406564402781509070e-06 -1.513106664782702909e-04 8.138390761159885241e-04 -1.819005394122213872e-03 7.156633579515318917e-06 7.950904817276187774e-07 6.182065643705471142e-08 3.546506745870616736e-07 -9.162703577808945996e-03 5.771210606209897743e-04 -7.499492792716390974e-04 2.981084164050861927e-04 2.402425682682900361e-03 1.319790142751749596e-03 -5.041339366862719823e-04 3.092748489098324106e-03 -5.693572169548396199e-03 2.682852267578840922e-03 1.359831861809347210e-02 1.082153295624601295e-02 1.393307267247681004e-04 3.870262715188506743e-05 7.235176507299697322e-03 -3.149999545126443774e-04 6.079038180294373981e-04 4.333586854548155710e-03
2.770233473782990847e-06 -2.884704933176517316e-07 5.530347269638624553e-08 -2.152042764224182900e-07 4.584193622755845648e-07 4.763832465150647725e-05 -2.775694914353816719e-04 -1.490277111804210125e-04 3.576839909426212189e-06 -2.884430373466867863e-06 2.367188820663946634e-07 -4.592858783267862721e-07 9.164827523349556844e-05 1.776472575478661871e-04 -1.607366714949400564e-04 -1.266800902520520558e-03 -1.868116585946059645e-03 -2.610777503592633521e-04 -1.378116908798511248e-03 -1.429879417607396582e-03 3.102540531827426701e-02 5.174330637306434610e-03 1.052880520951197420e-02 4.562084972451047743e-03 -3.451824776958624429e-04 7.427399347194230290e-04 -3.149999545126444317e-04 2.890205291969780675e-03 5.488951920105581512e-04 -9.063572875448243187e-04
5.578420062760832058e-06 -1.848655972991334047e-06 -5.003292404268479370e-07 -4.461309925298147514e-07 4.425604057570136212e-07 -3.348000015810672741e-05 4.456511462036151115e-04 -4.395598406787513956e-03 7.529455173249657447e-06 -3.057568212308185792e-06 3.722731136027223879e-07 -5.273397804012533824e-07 7.290872579697917598e-03 -2.308123454073327798e-04 9.120569640706737259e-04 1.027946330168912027e-03 -7.240686973314472722e-04 8.586350411645440580e-04 -8.668581048240020178e-05 -3.233848786647313799e-03 2.987296418601281464e-02 3.777309538016799476e-03 -2.431943058823645819e-03 -1.208260639346574704e-02 -8.147888646950409309e-05 3.744292868072564138e-05 6.079038180294373981e-04 5.488951920105581512e-04 6.358771854843675922e-03 7.549591545425780523e-03
-6.626022307570777353e-05 -1.365429850931392509e-05 -1.736253927161929251e-06 -1.556275863589259472e-06 3.364860938435420394e-06 -7.803863791122265213e-05 9.716867845945275110e-04 -9.423818933679802348e-03 -3.899886135677484145e-05 4.651645382900657911e-06 -2.386191109872662848e-06 -1.391086694264765899e-06 2.159539358127179204e-02 2.260403765224199349e-03 5.220988207849633529e-04 5.302318971844456781e-03 -6.147833501519604608e-03 -1.163592681408496437e-03 1.952239058735773941e-02 1.780150057078570477e-02 -1.277191436292257620e-01 6.299400894421268438e-02 3.685955471245088572e-02 -4.036784039463103130e-02 9.329702695164874225e-05 -6.030293582534894175e-04 4.333586854548155710e-03 -9.063572875448243187e-04 7.549591545425780523e-03 7.261380990414696701e-02
