# logA ns theta_MC_100 ombh2 omch2 w wa beta_DE tau
4.671593276946941109e-04 1.477347747854456587e-04 -5.842533907756024335e-05 1.587926207982338033e-05 -8.048999579565026491e-05 -5.314090510317207808e-04 5.146940289024480586e-03 -1.727619675793033412e-03 1.014625673166942311e-04
1.477347747854456587e-04 2.830216473157996489e-04 -5.435138554581942709e-05 4.882823053280038146e-06 -7.166116491205180524e-05 -3.179136695674015948e-04 3.248909912429062338e-03 -5.735131230886466929e-04 1.156301902643890311e-05
-5.842533907756024335e-05 -5.435138554581942709e-05 6.310148978904713381e-05 5.120844410339607812e-06 5.683979462066879388e-05 7.694543864348839997e-06 -7.617481671944099269e-04 8.425026263625418760e-04 5.338713948376159292e-06
1.587926207982338033e-05 4.882823053280038146e-06 5.120844410339607812e-06 5.048718989858613370e-06 4.795380364056698897e-06 -3.120113937743448063e-06 1.022531043189642996e-04 1.064651100470392621e-04 2.448682046506184604e-06
-8.048999579565026491e-05 -7.166116491205180524e-05 5.683979462066879388e-05 4.795380364056698897e-06 6.014989024290686126e-05 1.150996620597401373e-04 -1.546579972538763680e-03 7.452116991181289120e-04 3.914701889521200070e-06
-5.314090510317207808e-04 -3.179136695674015948e-04 7.694543864348839997e-06 -3.120113937743448063e-06 1.150996620597401508e-04 4.530309707698803798e-03 -2.274765741122436458e-02 1.382432959743146996e-03 -3.919929231988433444e-06
5.146940289024480586e-03 3.248909912429062338e-03 -7.617481671944099269e-04 1.022531043189642996e-04 -1.546579972538763680e-03 -2.274765741122436458e-02 1.545734276022786569e-01 -2.414764234419951999e-02 6.621902267561875853e-05
-1.727619675793033412e-03 -5.735131230886466929e-04 8.425026263625418760e-04 1.064651100470392621e-04 7.452116991181289120e-04 1.382432959743146996e-03 -2.414764234419951999e-02 1.414319923796941991e-01 -1.019683057851377404e-04
1.014625673166942446e-04 1.156301902643890311e-05 5.338713948376159292e-06 2.448682046506184604e-06 3.914701889521200070e-06 -3.919929231988426667e-06 6.621902267561875853e-05 -1.019683057851377404e-04 7.519689353855086536e-05
