# logA ns theta_MC_100 ombh2 omch2 w wa beta_DE tau
4.058931986530976590e-04 9.751230132288977353e-05 -2.082380136142011030e-05 1.519377286058969791e-05 -4.378496679666189220e-05 -3.897404491867600181e-04 3.719622897167860522e-03 -8.672278955750260679e-04 1.341663482282803204e-04
9.751230132288977353e-05 2.248357200208366794e-04 -2.469735210802169207e-05 2.237475742057010037e-06 -4.170573161512505122e-05 -2.843640564335838837e-04 2.546295374599041959e-03 -4.165524936970763765e-04 2.298127460544495634e-05
-2.082380136142011030e-05 -2.469735210802169207e-05 2.753663309218263989e-05 2.120109640893559264e-06 2.491093732785566272e-05 -9.277145273521906853e-06 -2.353147498602465454e-04 3.470968860454835369e-04 1.997569929472841128e-06
1.519377286058969791e-05 2.237475742057010037e-06 2.120109640893559264e-06 3.848367452139568541e-06 3.059545678588661206e-06 1.268531660123726482e-05 2.225018129124726841e-05 -6.373860535063748806e-05 4.351389879437011178e-06
-4.378496679666189220e-05 -4.170573161512505122e-05 2.491093732785566272e-05 3.059545678588661206e-06 3.100968190855012141e-05 9.147468034621106183e-05 -9.710149563683024470e-04 2.896243551390706482e-04 -1.756899017630333117e-06
-3.897404491867600181e-04 -2.843640564335838837e-04 -9.277145273521906853e-06 1.268531660123726482e-05 9.147468034621106183e-05 4.275801408578433320e-03 -1.946120886861821275e-02 -4.076633917246613920e-04 -7.750679151256063945e-05
3.719622897167860522e-03 2.546295374599041959e-03 -2.353147498602465454e-04 2.225018129124727519e-05 -9.710149563683024470e-04 -1.946120886861821275e-02 1.197629422499246893e-01 -5.345976388201040437e-03 5.702890005108479567e-04
-8.672278955750260679e-04 -4.165524936970763765e-04 3.470968860454835369e-04 -6.373860535063748806e-05 2.896243551390706482e-04 -4.076633917246614463e-04 -5.345976388201042172e-03 1.287495617776363357e-02 -2.354530508508469676e-05
1.341663482282803204e-04 2.298127460544495634e-05 1.997569929472841128e-06 4.351389879437011178e-06 -1.756899017630333117e-06 -7.750679151256063945e-05 5.702890005108479567e-04 -2.354530508508470354e-05 8.728653040934210294e-05
