# logA ns theta_MC_100 ombh2 omch2 w wa beta_DE tau A_planck calib_100T calib_217T A_cib_217 xi_sz_cib A_sz ksz_norm gal545_A_100 gal545_A_143 gal545_A_143_217 gal545_A_217 ps_A_100_100 ps_A_143_143 ps_A_143_217 ps_A_217_217 galf_TE_A_100 galf_TE_A_100_143 galf_TE_A_100_217 galf_TE_A_143 galf_TE_A_143_217 galf_TE_A_217
1.646976786696241328e-04 1.584770120968131556e-05 8.214960883181582684e-07 6.575784965068648198e-07 -5.540886495872014911e-06 -1.319296752236646367e-04 9.780937858845993420e-04 3.356460310031622818e-05 8.894091659876387492e-05 -9.409846222248439267e-07 -3.660940088100379875e-07 2.336929974501454848e-07 -3.848303723910875655e-03 1.088167641349821739e-04 3.873761144740950108e-04 -1.694506612384062434e-03 8.047446967839846010e-04 2.463286674097947895e-03 2.424578669774144716e-03 3.692867481679018571e-03 -1.586508028180039220e-02 -9.508527402316380855e-03 -3.056004814867955416e-03 1.729734238239956975e-03 2.755143080749618747e-06 -1.792679251830002352e-05 -2.686752284608638795e-05 -8.230067440246696474e-06 6.294130188568492683e-05 -5.455574283305320889e-05
1.584770120968131556e-05 1.620195026089008640e-05 4.312770680520869011e-07 2.113401346706482306e-07 -2.465716239281196828e-06 -4.962809743971816599e-05 3.565063286429527275e-04 8.915770137554608870e-05 1.126733875808868423e-05 2.380636179682988100e-07 -2.000094962460342725e-07 -6.271629056170931369e-08 -5.167102157877291775e-03 2.112975765310262546e-04 5.869883671514948466e-04 -2.129053363931988820e-03 7.266586293084827466e-04 3.754917341033806098e-04 -8.027359276583069189e-05 1.505194976687417637e-03 -2.338835704570842167e-02 -6.645920602558006568e-03 2.656878322056974509e-03 5.467193131565907006e-03 -1.327826432102918458e-05 -1.226026747651787756e-06 -2.060113427054611942e-05 1.385460307519497186e-06 1.690070439558642948e-05 -5.493824407944063054e-06
8.214960883181582684e-07 4.312770680520869011e-07 8.788771411687660449e-08 1.534080128201561387e-08 -7.065687132455114642e-08 -5.641549149426286264e-07 9.616638807033568999e-06 1.849660449850733047e-06 4.775945881741378479e-07 -3.526871041952093640e-08 4.550297590256497862e-10 -4.713369642354993418e-09 -9.025869419942848023e-05 1.991970961578427955e-06 -1.115263942717704909e-05 1.096359110222205865e-05 7.913179465445488767e-06 1.125990084049179670e-05 2.452395228878485892e-06 1.100690651028136626e-05 -6.394351754146239538e-04 -3.362804010308805404e-04 -1.769193067891741613e-04 -8.358252128917447886e-05 -6.670498209503603952e-07 -2.237915862498881431e-07 -1.810320133352058795e-06 5.896433050286463127e-08 -5.539801415917768920e-07 9.311300913180994776e-07
6.575784965068648198e-07 2.113401346706482306e-07 1.534080128201561387e-08 1.901274728626726668e-08 -7.251042814758324505e-08 -1.060404478711740382e-06 1.085860404595316094e-05 -2.213583458012726032e-06 3.511515079139303704e-07 2.372933572998049929e-08 4.082451801283314323e-09 -3.559985634453021362e-09 -5.656761324442965202e-05 3.110057697759516075e-06 3.491434265335641712e-06 4.978073441630009913e-06 1.391575827247635700e-05 -5.157811702806751740e-06 -2.206122601272229519e-05 -4.633787097766762700e-05 -3.852483452655306112e-04 -2.400799315361206235e-04 -1.334480789278920680e-04 -8.994367703741919956e-05 -5.846749879105965150e-07 2.013946084907412619e-07 5.947914261446480999e-08 1.563029609553298225e-07 -4.093870668691572754e-07 5.329456546302265814e-08
-5.540886495872014911e-06 -2.465716239281196828e-06 -7.065687132455114642e-08 -7.251042814758324505e-08 8.948224072973492862e-07 1.915883122029666611e-05 -1.478832941647471335e-04 9.994400703711666160e-06 -3.302081751371944963e-06 -4.924514286892896154e-07 3.128404127956839966e-08 -1.964836183194557220e-11 -3.595084592974104624e-04 -1.926014985120333718e-05 -1.424929941589765268e-04 1.608480351685422072e-04 -6.729550878147169072e-05 -1.054541343207358121e-05 1.166875500520949934e-04 6.705319811091443741e-04 3.467757510844826207e-03 1.177768082617253577e-03 2.482225151700325383e-04 4.954749420240825257e-04 1.964947442500263549e-06 -1.495003587527162888e-06 2.075651836614591090e-06 2.751695112611882526e-06 -3.515464519660890458e-06 4.993577365711455883e-06
-1.319296752236646367e-04 -4.962809743971816599e-05 -5.641549149426286264e-07 -1.060404478711740382e-06 1.915883122029666611e-05 4.545235496956467197e-03 -1.885357058628578039e-02 1.760670729581038148e-03 -6.551180869989081570e-05 -2.322101918436300468e-05 2.094903538482787996e-06 3.580268780539905668e-06 -7.323190319200509162e-03 -1.027960704682565627e-03 -2.875525256055098868e-03 5.715736130673044341e-03 6.270391777400984024e-03 -7.755433631504954177e-03 1.046380876773063406e-02 3.406544210619265323e-02 1.061303045205007622e-01 1.520161963194090887e-02 -3.149738773160903199e-02 -2.201764193263128916e-02 -1.696168050864544226e-05 -4.375775382621748644e-05 2.089117832314795029e-04 3.319837262643177784e-04 -6.010918485657285298e-04 -9.069712766876895926e-04
9.780937858845993420e-04 3.565063286429527275e-04 9.616638807033568999e-06 1.085860404595316094e-05 -1.478832941647471335e-04 -1.885357058628578039e-02 9.936441648376174995e-02 -2.937231201265562419e-02 4.751347847896477045e-04 1.700645975200719580e-04 -7.513351194560117178e-06 -1.796237844806843425e-05 1.110379219747646279e-01 5.738405120917761289e-03 4.108323098379117189e-02 -4.856043280662553779e-02 -1.120269450063649148e-02 2.390425447962494024e-02 -6.090714619026282167e-02 -2.473166376979326897e-01 -9.418589160127657234e-01 -1.492229095810657935e-01 1.895596378173470820e-01 8.008431800588047822e-02 -3.064849158182899664e-05 -6.269608118010560390e-05 -1.484978144538106389e-03 -1.534935030508341805e-03 2.244423509681997293e-03 1.365768141846386043e-03
3.356460310031622818e-05 8.915770137554608870e-05 1.849660449850732835e-06 -2.213583458012726032e-06 9.994400703711662771e-06 1.760670729581038148e-03 -2.937231201265562419e-02 1.085658734011528820e-01 3.202069178091529548e-05 -2.557098908528097412e-05 3.057646622398665892e-06 3.667985459101649621e-06 -6.629847383504446079e-02 -2.769716418827037154e-04 -2.063673990762660351e-02 -4.111909094175478924e-02 1.899261523458823514e-02 -9.374838030234684903e-04 7.188859407279911753e-03 2.420341869621947528e-02 1.261538708494129857e-01 5.780136429038657681e-02 -4.580928106021259910e-02 5.770782694046274613e-02 -5.619437932630853968e-04 1.341799502114477891e-03 2.910405385341949345e-03 9.786252686107509407e-04 1.150031616691073785e-03 4.264396405905882849e-03
8.894091659876387492e-05 1.126733875808868423e-05 4.775945881741378479e-07 3.511515079139303704e-07 -3.302081751371944963e-06 -6.551180869989081570e-05 4.751347847896477045e-04 3.202069178091530226e-05 5.278269534187159632e-05 -4.162938219012559200e-06 -3.045149236993930756e-07 1.089826849583739416e-07 -3.722488250964408035e-03 7.237862396437985647e-05 3.233669634230649115e-04 -8.428979400012041575e-04 5.771966718061744732e-04 1.601131669471663865e-03 2.196308506288281812e-03 3.918908301279604156e-03 -1.320076818898708801e-02 -6.485701476816167245e-03 -2.297861444389334359e-03 6.485453812088126093e-04 1.008090007695234558e-05 -7.830557548675796549e-06 -7.645821070862576121e-06 -3.412955042801633620e-06 5.445574457853895431e-05 -1.498525889709307769e-05
-9.409846222248439267e-07 2.380636179682988100e-07 -3.526871041952093640e-08 2.372933572998049929e-08 -4.924514286892896154e-07 -2.322101918436300468e-05 1.700645975200719580e-04 -2.557098908528096057e-05 -4.162938219012559200e-06 4.260590610834612003e-06 -9.522720303289899609e-09 2.800240443414997763e-08 2.745696952864155795e-03 -1.837692506041215356e-05 2.676865191157225607e-05 8.836222241201205786e-05 1.482726397473147677e-04 -4.288148953402879710e-05 -7.235412380691416201e-04 -2.287786394177790655e-03 2.294550649799697358e-03 1.817084929524181048e-04 -4.779989062817969364e-04 -1.648526399599367902e-03 -8.310607131433223713e-06 2.596344881624659791e-06 -1.284478186654782820e-05 -1.598210150006892708e-06 -1.550567131025026938e-05 -2.307655518775702852e-05
-3.660940088100379875e-07 -2.000094962460342725e-07 4.550297590256497862e-10 4.082451801283314323e-09 3.128404127956839966e-08 2.094903538482787996e-06 -7.513351194560118872e-06 3.057646622398667162e-06 -3.045149236993930756e-07 -9.522720303289899609e-09 3.507584429667587368e-07 -2.941601617175197931e-08 -3.103948226746852342e-04 -7.245479864861391991e-06 8.052355762157753548e-05 -2.007137716167089442e-05 1.145779388263482300e-04 -1.795231459020165787e-04 -9.047555982859543141e-05 -1.834736828289396685e-05 5.880368077159468451e-03 -8.973818160598757610e-06 -1.866499961604052238e-05 4.403976303587582792e-04 -1.539877699892416297e-06 3.993106390586499199e-07 -4.454617398516557768e-08 9.288464339233099394e-11 -4.074968633677193508e-06 -1.411366901740538724e-05
2.336929974501454848e-07 -6.271629056170931369e-08 -4.713369642354993418e-09 -3.559985634453021362e-09 -1.964836183194557220e-11 3.580268780539905668e-06 -1.796237844806843425e-05 3.667985459101648774e-06 1.089826849583739946e-07 2.800240443414997763e-08 -2.941601617175197931e-08 3.312467043644581202e-07 4.872251701844859000e-04 3.297312647310211801e-09 -8.954655242908290600e-05 4.963182513167992133e-05 -6.860548841104333702e-05 -1.362923411951950107e-05 3.848329350760078260e-04 1.006569808066522893e-03 1.391215286387111625e-03 2.826213202026512761e-04 -2.657185936312846651e-04 -1.171659574680663325e-03 -6.063042026509940725e-07 -1.600394806422428846e-06 -7.282071181406579290e-07 -3.803303455027865276e-07 -2.885564496966645344e-06 -9.369737259734854445e-06
-3.848303723910875655e-03 -5.167102157877291775e-03 -9.025869419942846668e-05 -5.656761324442965202e-05 -3.595084592974104624e-04 -7.323190319200509162e-03 1.110379219747646140e-01 -6.629847383504447467e-02 -3.722488250964408035e-03 2.745696952864155795e-03 -3.103948226746852342e-04 4.872251701844859000e-04 4.540883566788306069e+01 -4.966536082022411369e-01 -6.848952630414182341e-01 -2.110706279007713793e+00 7.873904104454155783e-01 3.069728867568730646e-01 -6.216484913344906715e+00 -3.441630904153490178e+01 3.123267001620572358e+01 6.471530980774566011e+00 -1.113992078049443357e+01 -5.145223059434139401e+01 8.111221946510044009e-03 2.470364945543683174e-02 -1.951512499136548581e-03 2.499702042574734537e-02 -1.294299711684606486e-03 2.120163624823256585e-02
1.088167641349821875e-04 2.112975765310262546e-04 1.991970961578427955e-06 3.110057697759516075e-06 -1.926014985120333718e-05 -1.027960704682565627e-03 5.738405120917761289e-03 -2.769716418827044744e-04 7.237862396437988357e-05 -1.837692506041216034e-05 -7.245479864861391991e-06 3.297312647309433838e-09 -4.966536082022412479e-01 7.541857331889353921e-02 -3.760493806060365152e-02 5.766692379910150906e-02 -1.787329160568230241e-02 2.449063800177586278e-02 8.491685425342442028e-02 1.616368139309483642e-01 -1.099817975445663398e+00 6.142187496992181917e-01 1.495326062973047820e+00 7.641913246704797880e-01 -3.962927512129731946e-04 -1.020032291932719678e-03 8.960943084853360743e-04 -1.641794138968995188e-03 -1.140079897920814314e-03 -1.614244934119772991e-03
3.873761144740949566e-04 5.869883671514948466e-04 -1.115263942717705248e-05 3.491434265335641712e-06 -1.424929941589765268e-04 -2.875525256055098434e-03 4.108323098379116495e-02 -2.063673990762660004e-02 3.233669634230649115e-04 2.676865191157230012e-05 8.052355762157753548e-05 -8.954655242908290600e-05 -6.848952630414182341e-01 -3.760493806060364458e-02 3.697555752079083380e+00 -2.317376147185085777e+00 3.789442303413485813e-02 1.392434657531633644e-03 2.166906176118823524e+00 2.213370597198875522e+00 -3.090410734018610839e+01 -2.926814615138762843e+00 7.412604280278078939e+00 5.593252906732415930e+00 1.312555356695491258e-03 1.951857767750081810e-03 -1.013777308545824041e-02 -2.863563392023523412e-03 1.379288262618192512e-02 -3.467671290623592500e-02
-1.694506612384062434e-03 -2.129053363931988820e-03 1.096359110222205865e-05 4.978073441630009066e-06 1.608480351685422072e-04 5.715736130673044341e-03 -4.856043280662553779e-02 -4.111909094175478924e-02 -8.428979400012041575e-04 8.836222241201205786e-05 -2.007137716167088425e-05 4.963182513167992133e-05 -2.110706279007713793e+00 5.766692379910149518e-02 -2.317376147185085777e+00 5.453293752097756020e+00 1.416068622352705531e-01 4.208075043550809496e-02 -1.272955294010382321e+00 2.144048458946004251e-02 1.005200445926345054e+01 -5.860812306481834710e+00 -1.104026083635742950e+01 -6.863459192647748175e+00 2.144543840684562819e-03 1.390978676279486584e-03 -2.887660065746067779e-04 -1.119123197809197053e-03 -2.090447076243246924e-02 -2.331472675293687694e-02
8.047446967839846010e-04 7.266586293084829635e-04 7.913179465445485379e-06 1.391575827247635700e-05 -6.729550878147169072e-05 6.270391777400984024e-03 -1.120269450063648975e-02 1.899261523458822820e-02 5.771966718061746901e-04 1.482726397473147677e-04 1.145779388263482300e-04 -6.860548841104333702e-05 7.873904104454155783e-01 -1.787329160568229894e-02 3.789442303413485119e-02 1.416068622352705253e-01 3.170898110401168868e+00 3.566345305866703286e-01 -3.182567229660967500e-01 -1.141747894168949395e+00 -9.158673418702839797e+00 -1.647860025009755036e+00 -1.534932475053765843e+00 -1.681935527340304048e+00 -2.220723245992020558e-03 -2.609206935047145813e-04 2.404019026466848973e-03 2.415842641129606078e-03 -3.676834385780734533e-03 2.515434781129835193e-02
2.463286674097947895e-03 3.754917341033806098e-04 1.125990084049179670e-05 -5.157811702806750046e-06 -1.054541343207358121e-05 -7.755433631504954177e-03 2.390425447962494718e-02 -9.374838030234637198e-04 1.601131669471663865e-03 -4.288148953402879710e-05 -1.795231459020165787e-04 -1.362923411951950615e-05 3.069728867568730646e-01 2.449063800177585931e-02 1.392434657531633644e-03 4.208075043550807415e-02 3.566345305866703286e-01 2.690559539895719166e+00 1.951632510124359898e+00 2.007454694164605424e+00 1.725471918190275344e+00 -2.184108622669470368e+00 -1.043343515128328125e+00 -1.448816279011713393e+00 -3.561966724002626691e-03 -4.156158207426294423e-04 -3.677428846962613272e-03 3.996955471057466423e-03 7.902301729346942680e-03 3.993162331077112354e-02
2.424578669774144716e-03 -8.027359276583069189e-05 2.452395228878486315e-06 -2.206122601272229519e-05 1.166875500520949934e-04 1.046380876773063406e-02 -6.090714619026280779e-02 7.188859407279891804e-03 2.196308506288281812e-03 -7.235412380691417285e-04 -9.047555982859543141e-05 3.848329350760078260e-04 -6.216484913344906715e+00 8.491685425342442028e-02 2.166906176118823524e+00 -1.272955294010382321e+00 -3.182567229660967500e-01 1.951632510124359898e+00 8.884375781241510950e+00 1.689846292559561647e+01 -1.158355105274631924e+01 1.361976199409548727e+00 3.706800243031692421e+00 5.679488866629641031e+00 -2.815551723286948468e-03 -8.309058143263266943e-03 -1.062233616641929806e-02 -7.936498429432191359e-03 1.365183054154143908e-03 -2.488407263706440484e-02
3.692867481679018571e-03 1.505194976687417637e-03 1.100690651028136626e-05 -4.633787097766762700e-05 6.705319811091443741e-04 3.406544210619265323e-02 -2.473166376979326897e-01 2.420341869621947528e-02 3.918908301279604156e-03 -2.287786394177790655e-03 -1.834736828289396685e-05 1.006569808066522893e-03 -3.441630904153490178e+01 1.616368139309483642e-01 2.213370597198875522e+00 2.144048458945994190e-02 -1.141747894168949395e+00 2.007454694164605424e+00 1.689846292559561292e+01 5.078551687130493519e+01 -1.348240702018217263e+01 -3.294341444676671810e-02 5.169295850978346429e+00 3.130361105195827065e+01 -6.356620023155311328e-03 -2.666987865133643026e-02 -1.549692375947592064e-02 -1.841130427753707305e-02 -1.137359472646189487e-02 -6.679228128029554568e-02
-1.586508028180039220e-02 -2.338835704570842167e-02 -6.394351754146239538e-04 -3.852483452655306112e-04 3.467757510844826207e-03 1.061303045205007622e-01 -9.418589160127657234e-01 1.261538708494129857e-01 -1.320076818898708801e-02 2.294550649799697358e-03 5.880368077159468451e-03 1.391215286387111625e-03 3.123267001620572358e+01 -1.099817975445663176e+00 -3.090410734018610839e+01 1.005200445926345054e+01 -9.158673418702839797e+00 1.725471918190274900e+00 -1.158355105274631924e+01 -1.348240702018217263e+01 8.409165720170168470e+02 6.867637557261387826e+01 -6.301542265611827531e+01 -5.872131763023224948e+01 9.965567727452844318e-04 3.267500311968576238e-02 8.726614302086743713e-02 1.027173472779408514e-01 -1.269217786349296773e-01 1.765033972434912612e-01
-9.508527402316380855e-03 -6.645920602558006568e-03 -3.362804010308805946e-04 -2.400799315361206235e-04 1.177768082617253577e-03 1.520161963194090887e-02 -1.492229095810657935e-01 5.780136429038657681e-02 -6.485701476816167245e-03 1.817084929524181048e-04 -8.973818160598757610e-06 2.826213202026512761e-04 6.471530980774566011e+00 6.142187496992181917e-01 -2.926814615138762843e+00 -5.860812306481834710e+00 -1.647860025009754814e+00 -2.184108622669470368e+00 1.361976199409548727e+00 -3.294341444676671810e-02 6.867637557261387826e+01 5.336479702918106938e+01 3.383784079450026638e+01 9.610291880851914215e+00 6.084065102922515608e-03 -1.016946983580598735e-02 5.899403445793188761e-02 -1.403058615464387350e-02 4.327529696514970797e-03 1.276752274713300050e-01
-3.056004814867955416e-03 2.656878322056974509e-03 -1.769193067891741613e-04 -1.334480789278920680e-04 2.482225151700325383e-04 -3.149738773160903199e-02 1.895596378173470542e-01 -4.580928106021261298e-02 -2.297861444389334359e-03 -4.779989062817969364e-04 -1.866499961604052238e-05 -2.657185936312846651e-04 -1.113992078049443357e+01 1.495326062973047820e+00 7.412604280278078939e+00 -1.104026083635742950e+01 -1.534932475053765621e+00 -1.043343515128328125e+00 3.706800243031692421e+00 5.169295850978347318e+00 -6.301542265611827531e+01 3.383784079450026638e+01 7.755949223677365012e+01 5.010110210628187843e+01 -2.085172738184492853e-03 -2.561546231442794058e-02 3.535772237439719495e-02 -4.597378257898486476e-02 2.228880011521434945e-02 1.147799325366984785e-02
1.729734238239956975e-03 5.467193131565907006e-03 -8.358252128917446531e-05 -8.994367703741919956e-05 4.954749420240825257e-04 -2.201764193263129263e-02 8.008431800588047822e-02 5.770782694046277389e-02 6.485453812088126093e-04 -1.648526399599367902e-03 4.403976303587582792e-04 -1.171659574680663325e-03 -5.145223059434139401e+01 7.641913246704797880e-01 5.593252906732416818e+00 -6.863459192647748175e+00 -1.681935527340304048e+00 -1.448816279011713393e+00 5.679488866629641031e+00 3.130361105195827065e+01 -5.872131763023224948e+01 9.610291880851914215e+00 5.010110210628187843e+01 9.292631717263125779e+01 -5.040823378917314891e-03 -3.331830249909144975e-02 2.080619858316344953e-02 -4.982750098907625519e-02 3.356624920486960678e-02 3.473437334852568642e-02
2.755143080749619171e-06 -1.327826432102918458e-05 -6.670498209503603952e-07 -5.846749879105965150e-07 1.964947442500263549e-06 -1.696168050864544903e-05 -3.064849158182905763e-05 -5.619437932630851800e-04 1.008090007695234558e-05 -8.310607131433223713e-06 -1.539877699892416509e-06 -6.063042026509940725e-07 8.111221946510042274e-03 -3.962927512129731946e-04 1.312555356695491258e-03 2.144543840684562386e-03 -2.220723245992020124e-03 -3.561966724002626691e-03 -2.815551723286948468e-03 -6.356620023155311328e-03 9.965567727452716382e-04 6.084065102922515608e-03 -2.085172738184489817e-03 -5.040823378917314024e-03 1.402459882681828017e-03 2.332717207818065647e-04 -3.699601378024811792e-05 -3.707050865730493298e-04 -1.251343409755185433e-04 1.389801554861802640e-05
-1.792679251830002352e-05 -1.226026747651787121e-06 -2.237915862498881431e-07 2.013946084907412619e-07 -1.495003587527162888e-06 -4.375775382621747289e-05 -6.269608118010554969e-05 1.341799502114477891e-03 -7.830557548675794855e-06 2.596344881624659791e-06 3.993106390586496552e-07 -1.600394806422428846e-06 2.470364945543683174e-02 -1.020032291932719678e-03 1.951857767750081810e-03 1.390978676279486367e-03 -2.609206935047144187e-04 -4.156158207426298217e-04 -8.309058143263266943e-03 -2.666987865133643026e-02 3.267500311968576238e-02 -1.016946983580598735e-02 -2.561546231442794058e-02 -3.331830249909144975e-02 2.332717207818065647e-04 9.103482686058095297e-04 6.651758711085434532e-05 7.482145954892393831e-04 5.533060348543821075e-05 -2.413839492709415186e-04
-2.686752284608638795e-05 -2.060113427054611603e-05 -1.810320133352058795e-06 5.947914261446484308e-08 2.075651836614591090e-06 2.089117832314795571e-04 -1.484978144538106606e-03 2.910405385341950212e-03 -7.645821070862577815e-06 -1.284478186654782481e-05 -4.454617398516538577e-08 -7.282071181406580348e-07 -1.951512499136547063e-03 8.960943084853360743e-04 -1.013777308545824041e-02 -2.887660065746063443e-04 2.404019026466849406e-03 -3.677428846962614139e-03 -1.062233616641929806e-02 -1.549692375947592064e-02 8.726614302086743713e-02 5.899403445793187373e-02 3.535772237439719495e-02 2.080619858316344606e-02 -3.699601378024809081e-05 6.651758711085434532e-05 6.346361305885914704e-03 -3.401812026847019226e-04 8.452353185154924719e-04 5.567810319272710994e-03
-8.230067440246698169e-06 1.385460307519497186e-06 5.896433050286477686e-08 1.563029609553297960e-07 2.751695112611882526e-06 3.319837262643178868e-04 -1.534935030508341805e-03 9.786252686107509407e-04 -3.412955042801635314e-06 -1.598210150006892920e-06 9.288464339233099394e-11 -3.803303455027866335e-07 2.499702042574734190e-02 -1.641794138968995188e-03 -2.863563392023523412e-03 -1.119123197809197704e-03 2.415842641129606078e-03 3.996955471057466423e-03 -7.936498429432191359e-03 -1.841130427753707305e-02 1.027173472779408514e-01 -1.403058615464387350e-02 -4.597378257898486476e-02 -4.982750098907625519e-02 -3.707050865730493298e-04 7.482145954892393831e-04 -3.401812026847019226e-04 2.719968766967784113e-03 2.018477533033784504e-04 -1.172309812283720389e-03
6.294130188568492683e-05 1.690070439558642948e-05 -5.539801415917768920e-07 -4.093870668691572754e-07 -3.515464519660890458e-06 -6.010918485657285298e-04 2.244423509681997726e-03 1.150031616691073785e-03 5.445574457853895431e-05 -1.550567131025026938e-05 -4.074968633677193508e-06 -2.885564496966645344e-06 -1.294299711684604968e-03 -1.140079897920814097e-03 1.379288262618192512e-02 -2.090447076243246924e-02 -3.676834385780735400e-03 7.902301729346942680e-03 1.365183054154143908e-03 -1.137359472646189487e-02 -1.269217786349296773e-01 4.327529696514970797e-03 2.228880011521434598e-02 3.356624920486960678e-02 -1.251343409755185162e-04 5.533060348543818364e-05 8.452353185154925803e-04 2.018477533033784504e-04 5.982161671640617850e-03 7.994648098227499083e-03
-5.455574283305320211e-05 -5.493824407944063054e-06 9.311300913180994776e-07 5.329456546302265814e-08 4.993577365711455036e-06 -9.069712766876895926e-04 1.365768141846386043e-03 4.264396405905884584e-03 -1.498525889709306583e-05 -2.307655518775703191e-05 -1.411366901740538724e-05 -9.369737259734854445e-06 2.120163624823256585e-02 -1.614244934119773208e-03 -3.467671290623592500e-02 -2.331472675293687347e-02 2.515434781129835193e-02 3.993162331077112354e-02 -2.488407263706440831e-02 -6.679228128029553180e-02 1.765033972434913168e-01 1.276752274713300050e-01 1.147799325366985999e-02 3.473437334852568642e-02 1.389801554861812635e-05 -2.413839492709414644e-04 5.567810319272710994e-03 -1.172309812283720606e-03 7.994648098227499083e-03 7.154099392270955871e-02
