# yp2 logA ns theta_MC_100 ombh2 omch2 w wa beta_DE tau
1.708366216443614233e-05 -1.271238868781428303e-06 -1.239092131843369173e-06 -1.121558695461338265e-07 1.468107274760916160e-07 6.815852330724164166e-07 5.367802017366439852e-05 -1.593287179785995574e-06 -1.521351941524804759e-05 -7.896269137763212961e-07
-1.271238868781428303e-06 6.001264613192681388e-04 4.470538420562833069e-05 1.602230491663198477e-06 7.038459681278925829e-07 -1.793628896809414212e-05 2.787543053580786474e-04 5.652886223764868809e-04 2.131275649618812398e-02 3.224953123046874902e-04
-1.239092131843369173e-06 4.470538420562833069e-05 2.677136962123879960e-05 7.788788910701832947e-07 3.044567797829292061e-07 -7.647701967780542236e-06 1.845763294826687309e-04 -3.274357684065043851e-04 -4.489404829197441403e-03 3.186683248241721229e-05
-1.121558695461338265e-07 1.602230491663198477e-06 7.788788910701832947e-07 3.874978640600937878e-07 2.405587711973232338e-08 -2.395899134899899703e-07 4.319985829332343842e-06 -1.932621139732085638e-05 -2.296874754002165464e-04 9.880444157633081606e-07
1.468107274760916160e-07 7.038459681278925829e-07 3.044567797829292061e-07 2.405587711973232338e-08 3.643411707903323114e-08 -1.209821596139354478e-07 5.900838406045519642e-06 -5.483032015268476880e-06 -1.352083629499681457e-04 5.382815342897617449e-07
6.815852330724164166e-07 -1.793628896809414212e-05 -7.647701967780542236e-06 -2.395899134899899703e-07 -1.209821596139354478e-07 3.977057127756947201e-06 -5.988348749016536403e-05 1.845467882379387109e-04 2.377371761889528982e-03 -1.433794215421684276e-05
5.367802017366440529e-05 2.787543053580786474e-04 1.845763294826687309e-04 4.319985829332348078e-06 5.900838406045519642e-06 -5.988348749016536403e-05 4.694258555297355362e-01 -4.683902560987223684e-01 -2.151880791144018090e+00 2.143079355874774247e-04
-1.593287179786010820e-06 5.652886223764868809e-04 -3.274357684065043851e-04 -1.932621139732085638e-05 -5.483032015268477727e-06 1.845467882379387109e-04 -4.683902560987223684e-01 1.458744594730298161e+00 1.395558699332444252e+00 2.658252618520075489e-05
-1.521351941524805775e-05 2.131275649618812398e-02 -4.489404829197442270e-03 -2.296874754002165464e-04 -1.352083629499681457e-04 2.377371761889528982e-03 -2.151880791144018090e+00 1.395558699332444030e+00 2.870398333187679540e+01 7.398661854700054608e-03
-7.896269137763212961e-07 3.224953123046874902e-04 3.186683248241721229e-05 9.880444157633083723e-07 5.382815342897617449e-07 -1.433794215421684276e-05 2.143079355874774519e-04 2.658252618520075489e-05 7.398661854700056342e-03 1.817076055414073275e-04
