# yp2 logA ns theta_MC_100 ombh2 omch2 w wa beta_DE tau
1.715227454618104130e-05 5.558983547916123156e-08 -8.639742161376445154e-07 -6.888586088680930403e-08 1.248132377640159166e-07 4.726682701426569526e-07 1.134384447157788546e-05 -8.229078121611576354e-05 -4.412513277060728161e-04 2.026528704665747448e-07
5.558983547916123156e-08 5.173977815970047349e-04 5.019726284822117595e-05 9.218824859461163287e-07 9.710636025031441399e-07 -2.101145535216180886e-05 -2.173214401662514311e-04 2.443249757239630577e-03 1.672615123877306195e-02 2.866729736599198022e-04
-8.639742161376445154e-07 5.019726284822117595e-05 2.233339853769629455e-05 3.789814193434721597e-07 2.064571506198197690e-07 -4.853841744687407715e-06 -2.371439125024589253e-05 3.829489578717825771e-04 2.938142395595477307e-03 3.072719880911885200e-05
-6.888586088680930403e-08 9.218824859461163287e-07 3.789814193434721597e-07 3.659130625997823513e-07 1.765280367060009647e-08 -2.845963146770547068e-08 -1.790626788516281175e-07 -2.710841510504134494e-06 3.281298565351393939e-04 3.268717565268582836e-07
1.248132377640159166e-07 9.710636025031441399e-07 2.064571506198197690e-07 1.765280367060009647e-08 3.254470464984338881e-08 -5.931584657700522001e-08 2.136091603595095971e-07 1.809766153120852709e-06 4.504102385478987253e-05 5.710855383172075663e-07
4.726682701426569526e-07 -2.101145535216180886e-05 -4.853841744687407715e-06 -2.845963146770547068e-08 -5.931584657700522001e-08 2.469667496640985494e-06 1.215965956597413150e-05 -1.775957900006527954e-04 -1.382758065110404905e-03 -1.386459724608132422e-05
1.134384447157788715e-05 -2.173214401662514311e-04 -2.371439125024589253e-05 -1.790626788516283293e-07 2.136091603595095971e-07 1.215965956597413488e-05 6.822193426636409194e-03 -6.094044784615265664e-02 4.111082184889430086e-02 -1.245026751336163792e-04
-8.229078121611574999e-05 2.443249757239629710e-03 3.829489578717825771e-04 -2.710841510504134070e-06 1.809766153120853979e-06 -1.775957900006527954e-04 -6.094044784615264276e-02 7.111222095902033358e-01 -1.436343805095942505e+00 1.464028157558044333e-03
-4.412513277060728704e-04 1.672615123877306195e-02 2.938142395595477307e-03 3.281298565351393939e-04 4.504102385478987253e-05 -1.382758065110404905e-03 4.111082184889430086e-02 -1.436343805095942505e+00 1.487737354264220180e+01 9.976610394170635707e-03
2.026528704665747713e-07 2.866729736599198022e-04 3.072719880911885200e-05 3.268717565268582836e-07 5.710855383172075663e-07 -1.386459724608132422e-05 -1.245026751336163792e-04 1.464028157558044550e-03 9.976610394170635707e-03 1.640054126303882719e-04
