# yp2 logA ns theta_MC_100 ombh2 omch2 w wa beta_DE tau
1.699456896587309685e-05 -3.412050274852337648e-06 -1.148338192116340323e-06 -2.216661764669778311e-08 1.189452049710663205e-07 5.423247683381992251e-07 2.608805767342884836e-07 5.402446835470701693e-05 -7.323394854467997657e-04 -1.651319231288687843e-06
-3.412050274852337648e-06 5.238346224195945290e-04 5.190456061953881861e-05 1.473023008134649383e-06 8.109178381796504508e-07 -2.125599009763258225e-05 -2.729671825092844228e-04 2.888030106468377715e-03 1.518565687663990527e-02 2.899410008020129100e-04
-1.148338192116340323e-06 5.190456061953881861e-05 2.228563392952690814e-05 4.178729984886422877e-07 1.975651951851457870e-07 -4.879722183581517500e-06 -2.909512059274669730e-05 3.797288443649034294e-04 3.289408885681578167e-03 3.159564704354650059e-05
-2.216661764669778311e-08 1.473023008134649383e-06 4.178729984886422877e-07 3.439922092597246187e-07 1.792778329711731415e-08 -5.114837251542420901e-08 -5.318707365786334919e-07 1.021587374791560243e-05 3.024013853075943094e-04 6.385382721030709170e-07
1.189452049710663205e-07 8.109178381796504508e-07 1.975651951851457870e-07 1.792778329711731415e-08 3.227615817220317597e-08 -5.312024404387485105e-08 3.000421311912252910e-07 9.113105246719804802e-07 4.059544950993605533e-05 4.864978299569249718e-07
5.423247683381992251e-07 -2.125599009763258225e-05 -4.879722183581517500e-06 -5.114837251542420901e-08 -5.312024404387485105e-08 2.423549392442898054e-06 1.330644542664463741e-05 -1.718711415548406657e-04 -1.425403253336039646e-03 -1.391819533847975419e-05
2.608805767342876366e-07 -2.729671825092844228e-04 -2.909512059274669730e-05 -5.318707365786335978e-07 3.000421311912253439e-07 1.330644542664463741e-05 7.005448597513255077e-03 -6.051998470207879677e-02 3.139707307422452687e-02 -1.559914600228270326e-04
5.402446835470703048e-05 2.888030106468376847e-03 3.797288443649034294e-04 1.021587374791560243e-05 9.113105246719800566e-07 -1.718711415548406657e-04 -6.051998470207879677e-02 6.916399574209053380e-01 -1.303992464863137801e+00 1.685701030785783381e-03
-7.323394854467997657e-04 1.518565687663990527e-02 3.289408885681578167e-03 3.024013853075943094e-04 4.059544950993605533e-05 -1.425403253336039863e-03 3.139707307422452687e-02 -1.303992464863137801e+00 1.344640865834151988e+01 9.362203846239522398e-03
-1.651319231288687843e-06 2.899410008020129100e-04 3.159564704354650059e-05 6.385382721030709170e-07 4.864978299569249718e-07 -1.391819533847975419e-05 -1.559914600228270326e-04 1.685701030785783381e-03 9.362203846239522398e-03 1.655640942668575467e-04
