# yp2 logA ns theta_MC_100 ombh2 omch2 w wa beta_DE tau
1.657213779041062906e-05 3.268186400823992071e-07 -7.626542116837577569e-07 -1.270879564830138996e-07 1.260240557203877624e-07 3.008882506431871043e-07 3.668570542123134438e-06 -5.506283286863229243e-05 -3.126476921770966625e-04 5.693779022697347767e-07
3.268186400823992071e-07 5.704412055951744390e-04 5.194671045215491767e-05 8.626100985876135474e-07 8.401053921427506580e-07 -2.017684877241485131e-05 -7.643816152225003978e-04 1.866550168428252271e-03 1.891520889644178818e-02 3.123912623937599026e-04
-7.626542116837577569e-07 5.194671045215491767e-05 2.207599316302537280e-05 3.321450515470852534e-07 1.745416263982731402e-07 -4.509203590640184601e-06 -1.271357630711356654e-04 3.821173540272941485e-04 3.136870085403794649e-03 3.113075000422340797e-05
-1.270879564830138996e-07 8.626100985876135474e-07 3.321450515470852534e-07 3.575558584959056994e-07 1.205295304732506951e-08 -1.834526223129931731e-08 -1.080372706499150323e-05 3.859475957408698804e-05 9.650789208074562087e-05 3.009926077527712872e-07
1.260240557203877624e-07 8.401053921427506580e-07 1.745416263982731402e-07 1.205295304732506951e-08 3.285079794962011740e-08 -6.422302548703789976e-08 -2.338916382141744280e-06 2.918017198495134989e-06 4.836162468358291735e-05 5.307308722222814848e-07
3.008882506431871043e-07 -2.017684877241485131e-05 -4.509203590640184601e-06 -1.834526223129931731e-08 -6.422302548703789976e-08 2.189945656142827553e-06 3.806302318838674200e-05 -8.922656279730299905e-05 -1.480492957023878467e-03 -1.306630635843578504e-05
3.668570542123131473e-06 -7.643816152225006147e-04 -1.271357630711356925e-04 -1.080372706499150323e-05 -2.338916382141743857e-06 3.806302318838674200e-05 7.940461363550614660e-02 -2.503098804399020438e-01 -3.560620280249869318e-01 -4.196731763886106048e-04
-5.506283286863229920e-05 1.866550168428252488e-03 3.821173540272942027e-04 3.859475957408698804e-05 2.918017198495134989e-06 -8.922656279730299905e-05 -2.503098804399020438e-01 1.183516304694960386e+00 2.021127395578492247e-01 9.796326166379668455e-04
-3.126476921770966083e-04 1.891520889644178818e-02 3.136870085403794649e-03 9.650789208074562087e-05 4.836162468358291735e-05 -1.480492957023878467e-03 -3.560620280249869318e-01 2.021127395578492247e-01 8.861083542800765045e+00 1.140562736185220076e-02
5.693779022697347767e-07 3.123912623937599026e-04 3.113075000422340797e-05 3.009926077527712872e-07 5.307308722222814848e-07 -1.306630635843578504e-05 -4.196731763886107133e-04 9.796326166379668455e-04 1.140562736185220076e-02 1.760551414405114509e-04
