# yp2 logA ns theta_MC_100 ombh2 omch2 w wa beta_DE tau
1.722900259493287170e-05 -4.804292983902285287e-06 -1.731020840743045705e-06 -4.633938922200486434e-08 1.329022653661394573e-07 7.289966428151165585e-07 -1.160447796246924812e-06 -1.133891969602763574e-04 1.569766371520405152e-04 -2.390185812881806819e-06
-4.804292983902285287e-06 5.107570598258963281e-04 5.741118135923681514e-05 2.403557085773284566e-06 8.000516505758567493e-07 -2.384122230904459717e-05 -3.544765617116328403e-05 1.925559003605383868e-03 3.038833797257896319e-03 2.869170131606882824e-04
-1.731020840743045705e-06 5.741118135923681514e-05 2.610462155989884243e-05 7.454327287440300563e-07 2.257439606527824581e-07 -6.506001361696233354e-06 5.282081076540844268e-05 7.648347923706076066e-06 -8.953517714303845377e-05 3.660307081830172507e-05
-4.633938922200486434e-08 2.403557085773284566e-06 7.454327287440300563e-07 3.596841032962817055e-07 2.264098418492188277e-08 -2.075469485978440024e-07 3.029629424133829703e-06 5.697729407996696198e-06 -1.386339049693283013e-04 1.318044306593960802e-06
1.329022653661394573e-07 8.000516505758567493e-07 2.257439606527824581e-07 2.264098418492188277e-08 3.575663412884748512e-08 -8.086412070148519860e-08 1.908158510419893135e-06 -8.782751571230169114e-06 -2.789303687476681908e-05 5.296194503514366338e-07
7.289966428151165585e-07 -2.384122230904459717e-05 -6.506001361696233354e-06 -2.075469485978440024e-07 -8.086412070148519860e-08 3.277638404030496304e-06 -2.888415981788421407e-05 2.808738339842748813e-05 -3.702975612680057681e-05 -1.629316528035504018e-05
-1.160447796246925871e-06 -3.544765617116329081e-05 5.282081076540844268e-05 3.029629424133829703e-06 1.908158510419893135e-06 -2.888415981788421407e-05 1.076736083746267572e-02 -9.616793149108521233e-02 2.508054408297693758e-02 2.257784767181284657e-05
-1.133891969602763303e-04 1.925559003605383868e-03 7.648347923706087925e-06 5.697729407996697045e-06 -8.782751571230170808e-06 2.808738339842748813e-05 -9.616793149108522620e-02 1.029571595132586781e+00 -7.661693179466653181e-01 8.772626423701407675e-04
1.569766371520405423e-04 3.038833797257896319e-03 -8.953517714303849443e-05 -1.386339049693283013e-04 -2.789303687476681569e-05 -3.702975612680056326e-05 2.508054408297693758e-02 -7.661693179466653181e-01 9.090441300101014477e+00 1.735552190807636850e-03
-2.390185812881806819e-06 2.869170131606882824e-04 3.660307081830172507e-05 1.318044306593961226e-06 5.296194503514366338e-07 -1.629316528035504018e-05 2.257784767181284319e-05 8.772626423701409843e-04 1.735552190807636416e-03 1.671930100109335663e-04
