# yp2 logA ns theta_MC_100 ombh2 omch2 w wa beta_DE tau
1.893340051054282129e-05 -6.733891702923780686e-06 -1.140185911566331666e-06 -3.570284738917329085e-08 1.187545780540531542e-07 5.872522755907487972e-07 6.760526894767373149e-06 -1.341750425334370134e-05 -1.211050051827160809e-03 -3.304383656351710182e-06
-6.733891702923780686e-06 5.521711506376738394e-04 5.257212310045210438e-05 2.078671786260059905e-06 6.156848996834917976e-07 -2.338326553824504784e-05 -3.830977578185535640e-04 3.978623826978036973e-03 1.614179507634558655e-02 3.071556865900937892e-04
-1.140185911566331666e-06 5.257212310045210438e-05 2.128597438729998555e-05 3.320153086968203934e-07 1.837129915212308222e-07 -4.757857269702798174e-06 -4.133982602573627410e-05 5.129441599466897771e-04 2.353472952622689181e-03 3.193599177104082656e-05
-3.570284738917329085e-08 2.078671786260059905e-06 3.320153086968203934e-07 3.101933547418198522e-07 1.298518247605488688e-08 -3.883416192453296517e-08 -1.884725454866746729e-06 2.006346928353251597e-05 3.272860497097586992e-04 9.753081074803264226e-07
1.187545780540531542e-07 6.156848996834917976e-07 1.837129915212308222e-07 1.298518247605488688e-08 3.237533393640352653e-08 -4.986905003509741646e-08 -1.004126591170861422e-06 1.380538481780622573e-05 -1.903472847854129833e-05 3.925711574452417990e-07
5.872522755907487972e-07 -2.338326553824504784e-05 -4.757857269702798174e-06 -3.883416192453296517e-08 -4.986905003509741646e-08 2.449784649628673293e-06 2.388363883667229785e-05 -2.751063754501732348e-04 -1.109027432388595691e-03 -1.502773300568021013e-05
6.760526894767373149e-06 -3.830977578185535640e-04 -4.133982602573627410e-05 -1.884725454866746729e-06 -1.004126591170861211e-06 2.388363883667229785e-05 7.723607490082726526e-03 -6.229816369284568028e-02 1.937470427745149534e-02 -2.242924150668648437e-04
-1.341750425334371998e-05 3.978623826978036973e-03 5.129441599466897771e-04 2.006346928353251597e-05 1.380538481780622404e-05 -2.751063754501731806e-04 -6.229816369284568028e-02 6.406299002975723855e-01 -8.679731635244023469e-01 2.351272085194866523e-03
-1.211050051827160809e-03 1.614179507634558655e-02 2.353472952622689181e-03 3.272860497097586992e-04 -1.903472847854129833e-05 -1.109027432388595474e-03 1.937470427745149534e-02 -8.679731635244023469e-01 9.564116584934199139e+00 9.592923910112361938e-03
-3.304383656351710182e-06 3.071556865900937892e-04 3.193599177104082656e-05 9.753081074803264226e-07 3.925711574452417990e-07 -1.502773300568021013e-05 -2.242924150668648166e-04 2.351272085194866523e-03 9.592923910112363672e-03 1.757313598278338856e-04
