# yp2 logA ns theta_MC_100 ombh2 omch2 w wa beta_DE tau
1.670914509820371793e-05 6.196304125447254683e-07 -3.493026284015263221e-07 -7.786317936154350785e-08 1.602755147893663975e-07 3.597388232822992293e-07 1.785017373351520452e-05 -4.094339033732818548e-05 -1.467970650444513220e-04 7.157100545845194690e-07
6.196304125447254683e-07 5.484087406889137520e-04 4.814772531691768371e-05 1.622424230061824866e-06 7.714182854861911753e-07 -2.022704723053777705e-05 -9.353135769790701069e-04 2.317781307795075980e-03 1.915812723956902830e-02 3.004511063869471309e-04
-3.493026284015263221e-07 4.814772531691768371e-05 2.036183535741114710e-05 5.165281288128308346e-07 1.894438360158216750e-07 -4.392650938400965920e-06 -1.068857379338353117e-04 3.067766993166381583e-04 2.602513933651751273e-03 2.917587054665617623e-05
-7.786317936154350785e-08 1.622424230061824866e-06 5.165281288128308346e-07 3.719524964885324399e-07 1.581097596106161489e-08 -9.426726271212298272e-08 -1.852397853915582249e-06 8.518561214564565430e-06 8.439635407622019002e-05 7.679408300186137338e-07
1.602755147893663975e-07 7.714182854861911753e-07 1.894438360158216750e-07 1.581097596106161489e-08 3.314079622829429186e-08 -6.319223514766277042e-08 2.077788092210945707e-07 1.396163938367696282e-06 3.286454142996301337e-05 5.022910551002277100e-07
3.597388232822992293e-07 -2.022704723053777705e-05 -4.392650938400965920e-06 -9.426726271212298272e-08 -6.319223514766277042e-08 2.221041812037181831e-06 4.463114868580769822e-05 -1.581787433731806139e-04 -1.346750864206070061e-03 -1.307818160773254742e-05
1.785017373351520791e-05 -9.353135769790699985e-04 -1.068857379338352846e-04 -1.852397853915582673e-06 2.077788092210944913e-07 4.463114868580769822e-05 7.603583601023980454e-02 -2.421656312737347494e-01 -4.092127802310472906e-01 -5.328730684082665786e-04
-4.094339033732819904e-05 2.317781307795075980e-03 3.067766993166381583e-04 8.518561214564560348e-06 1.396163938367696070e-06 -1.581787433731806139e-04 -2.421656312737347494e-01 1.194916798010638548e+00 3.553835154331630442e-01 1.392979619642567427e-03
-1.467970650444513220e-04 1.915812723956903177e-02 2.602513933651751273e-03 8.439635407622020358e-05 3.286454142996301337e-05 -1.346750864206070061e-03 -4.092127802310472906e-01 3.553835154331630442e-01 9.222964219877177072e+00 1.132194718919942930e-02
7.157100545845194690e-07 3.004511063869471309e-04 2.917587054665617623e-05 7.679408300186137338e-07 5.022910551002277100e-07 -1.307818160773254742e-05 -5.328730684082666870e-04 1.392979619642567427e-03 1.132194718919942930e-02 1.694803702818303815e-04
