# yp2 logA ns theta_MC_100 ombh2 omch2 w wa beta_DE tau
1.693538487068508539e-05 -2.294406151302524570e-06 -6.175931411866848162e-07 -8.596013143752039872e-08 1.585355385513262570e-07 4.630201047098815111e-07 2.569237918008461958e-05 -4.123821444664952545e-05 -3.615444011687222580e-04 -7.951902543551205057e-07
-2.294406151302524570e-06 5.478459677183800764e-04 4.733842056269521039e-05 1.776292057051300051e-06 8.926037896441791632e-07 -2.119339114776115862e-05 -1.069210626290495719e-03 3.033101408561859544e-03 1.565069249258491807e-02 3.016847195805255166e-04
-6.175931411866848162e-07 4.733842056269521039e-05 2.010332073147557872e-05 4.627616025363663923e-07 1.996450631542806744e-07 -4.387118014758563970e-06 -1.255492426501308371e-04 3.549480140615968345e-04 2.335882483163150610e-03 2.887491679667672070e-05
-8.596013143752039872e-08 1.776292057051300051e-06 4.627616025363663923e-07 3.569111758187394644e-07 1.585149053800294049e-08 -5.368292455340260409e-08 -1.207650189144498335e-05 2.514421006013855959e-05 2.051634704618720292e-04 8.040204707534518804e-07
1.585355385513262570e-07 8.926037896441791632e-07 1.996450631542806744e-07 1.585149053800294049e-08 3.511887521364505055e-08 -6.423394593174281012e-08 -2.326260534623131916e-06 1.384790407444041242e-05 3.960871017269412738e-05 5.605209259513178036e-07
4.630201047098815111e-07 -2.119339114776115862e-05 -4.387118014758563970e-06 -5.368292455340260409e-08 -6.423394593174281012e-08 2.294796804403126573e-06 6.513155888764549713e-05 -2.041866328751029095e-04 -1.238270881701658815e-03 -1.369937907884571178e-05
2.569237918008461280e-05 -1.069210626290495719e-03 -1.255492426501308371e-04 -1.207650189144498335e-05 -2.326260534623131916e-06 6.513155888764548358e-05 7.484254629334667619e-02 -2.280500021872020333e-01 -3.967216888379835327e-01 -6.153964925269506895e-04
-4.123821444664952545e-05 3.033101408561860411e-03 3.549480140615968345e-04 2.514421006013855959e-05 1.384790407444041750e-05 -2.041866328751029095e-04 -2.280500021872020333e-01 1.142415481290918855e+00 1.654065704218292687e-01 1.800461464070030829e-03
-3.615444011687222038e-04 1.565069249258491807e-02 2.335882483163150610e-03 2.051634704618720292e-04 3.960871017269412738e-05 -1.238270881701658598e-03 -3.967216888379834216e-01 1.654065704218292965e-01 9.123114199314755979e+00 9.270270863467832551e-03
-7.951902543551205057e-07 3.016847195805255166e-04 2.887491679667672070e-05 8.040204707534518804e-07 5.605209259513178036e-07 -1.369937907884571178e-05 -6.153964925269506895e-04 1.800461464070030829e-03 9.270270863467832551e-03 1.709883027915356699e-04
