# yp2 logA ns theta_MC_100 ombh2 omch2 w wa beta_DE tau
1.882391395643171121e-05 2.131423508909234154e-06 -6.860754497982261362e-07 -1.218036345607387947e-07 2.304583230788302513e-07 -9.180298476229606214e-08 -6.382642249575891369e-05 -5.141106235445617236e-05 5.474238014969920463e-04 2.410761867254360307e-06
2.131423508909234154e-06 6.144127282380805683e-04 6.226467978866546157e-05 2.007467493669080193e-06 8.577704665622960262e-07 -2.420265382534544720e-05 2.988188501772947106e-03 -1.668648474263027728e-03 -4.290357150650275959e-03 3.385538601591791901e-04
-6.860754497982261362e-07 6.226467978866546157e-05 2.389601044830039705e-05 1.006742741342512136e-06 2.665834847680326536e-07 -6.705765138192720097e-06 2.061119120375710413e-04 -8.012428783525523367e-04 -1.955400453068765164e-03 3.897441752777909801e-05
-1.218036345607387947e-07 2.007467493669080193e-06 1.006742741342512136e-06 3.447398687839841552e-07 2.337997668712520418e-08 -2.416711589061227445e-07 1.725380760649059867e-06 -1.126781747606307791e-04 -1.217795892239159297e-04 1.097824427225950153e-06
2.304583230788302513e-07 8.577704665622960262e-07 2.665834847680326536e-07 2.337997668712520418e-08 3.311896636971376408e-08 -9.072488919651789836e-08 -4.689478780398929069e-06 3.864556944006989857e-08 -2.942960884410197741e-06 5.554118248914390937e-07
-9.180298476229606214e-08 -2.420265382534544720e-05 -6.705765138192720097e-06 -2.416711589061227445e-07 -9.072488919651789836e-08 3.599985369602950683e-06 -4.870422777732624129e-06 3.365665555358174376e-04 3.843172650451177029e-04 -1.677877961187405502e-05
-6.382642249575888659e-05 2.988188501772947106e-03 2.061119120375710413e-04 1.725380760649060714e-06 -4.689478780398928222e-06 -4.870422777732624129e-06 2.524422173229886046e-01 -3.892376896710462719e-01 -3.307112549489488740e-01 1.452808406890726501e-03
-5.141106235445616558e-05 -1.668648474263027728e-03 -8.012428783525523367e-04 -1.126781747606307791e-04 3.864556944006905154e-08 3.365665555358174376e-04 -3.892376896710462719e-01 1.715288580067273694e+00 4.623223640379215960e-01 -1.157844793749353892e-03
5.474238014969920463e-04 -4.290357150650275959e-03 -1.955400453068765164e-03 -1.217795892239159297e-04 -2.942960884410196047e-06 3.843172650451177029e-04 -3.307112549489488740e-01 4.623223640379215960e-01 4.853878395374544574e+00 -2.495165111297157397e-03
2.410761867254360307e-06 3.385538601591791901e-04 3.897441752777909801e-05 1.097824427225950153e-06 5.554118248914390937e-07 -1.677877961187405163e-05 1.452808406890726501e-03 -1.157844793749353892e-03 -2.495165111297157831e-03 1.929891170436298794e-04
