# yp2 logA ns theta_MC_100 ombh2 omch2 w wa beta_DE tau
1.727921433561692766e-05 -6.972622246341561560e-07 -1.252438071457906647e-06 -1.330595923276194042e-07 1.398079494943162823e-07 6.670064828446804575e-07 -2.146629439167446637e-06 -2.150763964164439200e-05 2.160692820634202221e-04 -4.828658274093052578e-07
-6.972622246341561560e-07 5.964322861750795488e-04 4.557877595386000701e-05 1.385811592070620152e-06 7.301101478843703398e-07 -1.778790710010050587e-05 4.426619649935048723e-04 1.180658897986784335e-03 2.201339096673769757e-02 3.210650746854796329e-04
-1.252438071457906647e-06 4.557877595386000701e-05 2.776809991818142436e-05 8.783867662687811176e-07 3.166748952488743319e-07 -7.968340068576457256e-06 1.695445214060555266e-04 -2.548903099336524399e-04 -4.342263553381991992e-03 3.254854751765155855e-05
-1.330595923276194042e-07 1.385811592070620152e-06 8.783867662687811176e-07 3.986022095567005480e-07 2.403215111671442828e-08 -2.568700668335006673e-07 3.473022991054237747e-06 -1.938449171558446479e-05 -2.155884598219764308e-04 8.795356835368238162e-07
1.398079494943162823e-07 7.301101478843703398e-07 3.166748952488743319e-07 2.403215111671442828e-08 3.549490070351336791e-08 -1.276288549158378941e-07 2.329460864731401740e-06 -2.645676735685010711e-06 -1.155049984556570853e-04 5.591291388119013040e-07
6.670064828446804575e-07 -1.778790710010050587e-05 -7.968340068576457256e-06 -2.568700668335006673e-07 -1.276288549158378941e-07 4.066470274205063611e-06 -4.936081868153509571e-05 1.081464423665511770e-04 2.437365579152486316e-03 -1.434839516470942350e-05
-2.146629439167438166e-06 4.426619649935048723e-04 1.695445214060555266e-04 3.473022991054236476e-06 2.329460864731402163e-06 -4.936081868153509571e-05 4.614799939233014681e-01 -4.565236173608511749e-01 -2.105846525543826342e+00 2.909447208596623383e-04
-2.150763964164439538e-05 1.180658897986784552e-03 -2.548903099336524399e-04 -1.938449171558446479e-05 -2.645676735685010711e-06 1.081464423665511770e-04 -4.565236173608511749e-01 1.434504269441352564e+00 1.378212253934316456e+00 4.444628764756128054e-04
2.160692820634203576e-04 2.201339096673769757e-02 -4.342263553381991992e-03 -2.155884598219764308e-04 -1.155049984556570989e-04 2.437365579152486316e-03 -2.105846525543826342e+00 1.378212253934316456e+00 2.859394503301621171e+01 7.663535458692940366e-03
-4.828658274093052578e-07 3.210650746854796329e-04 3.254854751765155855e-05 8.795356835368238162e-07 5.591291388119013040e-07 -1.434839516470942181e-05 2.909447208596623383e-04 4.444628764756128054e-04 7.663535458692940366e-03 1.812940123864554979e-04
