# yp2 logA ns theta_MC_100 ombh2 omch2 w wa beta_DE tau
1.621129515717059690e-05 -3.633732238428645986e-06 -7.969786690972079060e-07 -2.085090650795160141e-07 1.157847558907567604e-07 4.184211593185993525e-07 4.409454697818506757e-06 -4.469291198989758013e-05 -2.656804390328056792e-04 -1.620422324322663503e-06
-3.633732238428645986e-06 5.677823481768749922e-04 4.834579801823407321e-05 9.950494182511098121e-07 9.142205681816817237e-07 -2.052389563317488674e-05 -2.060508315450759276e-04 2.093105410264196366e-03 1.076207584572612223e-02 3.111559200719193397e-04
-7.969786690972079060e-07 4.834579801823407321e-05 2.127300289528639147e-05 3.114120794558860279e-07 2.042052683084378500e-07 -4.268934857235340939e-06 -3.530442469755355257e-05 3.299587485419875504e-04 2.487391571287373131e-03 2.926160379638229406e-05
-2.085090650795160141e-07 9.950494182511098121e-07 3.114120794558860279e-07 3.209427769189229880e-07 1.344762114389528454e-08 -1.677192743200137293e-09 -2.492628838200300284e-06 -2.180237778657355463e-07 3.493687197487331812e-04 3.488844945596674721e-07
1.157847558907567604e-07 9.142205681816817237e-07 2.042052683084378500e-07 1.344762114389528454e-08 3.129675908002808797e-08 -6.439541404371430652e-08 -7.856211443518160715e-07 8.378347342187925163e-06 5.222338494857344942e-05 5.558395379543263932e-07
4.184211593185993525e-07 -2.052389563317488674e-05 -4.268934857235340939e-06 -1.677192743200137293e-09 -6.439541404371430652e-08 2.137992777443573854e-06 1.383043355119052483e-05 -1.211014097346683994e-04 -1.197467229694685600e-03 -1.320613978131203578e-05
4.409454697818506757e-06 -2.060508315450759276e-04 -3.530442469755354579e-05 -2.492628838200299860e-06 -7.856211443518160715e-07 1.383043355119052483e-05 6.749069700764781174e-03 -5.592398760850716966e-02 3.905875863099776690e-02 -1.221999399663770863e-04
-4.469291198989760046e-05 2.093105410264196366e-03 3.299587485419875504e-04 -2.180237778657371345e-07 8.378347342187925163e-06 -1.211014097346683994e-04 -5.592398760850716966e-02 6.682962667938167067e-01 -1.371959002704103092e+00 1.221412024013821809e-03
-2.656804390328056250e-04 1.076207584572612397e-02 2.487391571287373131e-03 3.493687197487331812e-04 5.222338494857343586e-05 -1.197467229694685600e-03 3.905875863099777384e-02 -1.371959002704103092e+00 1.053956906568528495e+01 6.757786423028259992e-03
-1.620422324322663292e-06 3.111559200719193397e-04 2.926160379638229406e-05 3.488844945596674721e-07 5.558395379543263932e-07 -1.320613978131203578e-05 -1.221999399663770863e-04 1.221412024013821809e-03 6.757786423028259992e-03 1.753934112865844399e-04
