# yp2 logA ns theta_MC_100 ombh2 omch2 w wa beta_DE tau
1.727314010288502814e-05 -1.651379038549078268e-06 -8.752355610213972554e-07 -1.301328159672824646e-07 1.534147533528393612e-07 4.026283897728311989e-07 3.207362763412847619e-05 -5.308327078499857683e-05 -1.120233022559302943e-03 -4.412055328569058144e-07
-1.651379038549078268e-06 5.631850333663851850e-04 5.531357260415064252e-05 2.362857314479181170e-06 9.928416027297701060e-07 -2.401404518831482180e-05 -6.123502591472708119e-04 2.034769965095882625e-03 2.242157409750777930e-02 3.123435522408745855e-04
-8.752355610213972554e-07 5.531357260415064252e-05 2.322327202927708918e-05 6.796541243159583826e-07 2.283240779969924957e-07 -5.148876976805437139e-06 -4.562394203670106711e-05 1.582670800412200519e-05 5.768544530832354217e-03 3.360047128018306796e-05
-1.301328159672824646e-07 2.362857314479181170e-06 6.796541243159583826e-07 4.086522433522527133e-07 2.757429129161847117e-08 -1.485198255030057872e-07 -8.214459726233724868e-06 1.419446580801461879e-05 7.518876985638822154e-04 1.192063428974511077e-06
1.534147533528393612e-07 9.928416027297701060e-07 2.283240779969924957e-07 2.757429129161847117e-08 3.489194162676592377e-08 -6.622703521807780002e-08 -2.462492413856690858e-06 9.970270650345635299e-06 7.501828951977414098e-05 5.924721662355235259e-07
4.026283897728311989e-07 -2.401404518831482180e-05 -5.148876976805437139e-06 -1.485198255030057872e-07 -6.622703521807780002e-08 2.621401771385504361e-06 4.382986722274199933e-05 -8.713569613865943810e-05 -2.982386518314091364e-03 -1.546295072892135586e-05
3.207362763412847619e-05 -6.123502591472708119e-04 -4.562394203670106711e-05 -8.214459726233723174e-06 -2.462492413856690434e-06 4.382986722274199933e-05 3.673608999549397847e-02 -1.628683063343930870e-01 -1.702626162150438216e-01 -3.712269569856329362e-04
-5.308327078499857683e-05 2.034769965095882625e-03 1.582670800412195437e-05 1.419446580801461202e-05 9.970270650345633605e-06 -8.713569613865942455e-05 -1.628683063343930870e-01 1.128947448571023360e+00 -9.113288247270964204e-01 1.213279633958324038e-03
-1.120233022559302943e-03 2.242157409750777930e-02 5.768544530832355084e-03 7.518876985638822154e-04 7.501828951977414098e-05 -2.982386518314091364e-03 -1.702626162150438216e-01 -9.113288247270964204e-01 1.977409730937616672e+01 1.456208074614794533e-02
-4.412055328569057614e-07 3.123435522408745855e-04 3.360047128018306796e-05 1.192063428974511289e-06 5.924721662355235259e-07 -1.546295072892135586e-05 -3.712269569856329362e-04 1.213279633958324038e-03 1.456208074614794706e-02 1.782518441264987466e-04
