# yp2 logA ns theta_MC_100 ombh2 omch2 w wa beta_DE tau
1.423568323555908345e-05 -1.787358441421171616e-06 -3.705518452038899512e-07 -2.749047509496750551e-07 7.327501981957543670e-08 1.978513007882560793e-07 4.158176752886250875e-05 -1.678193749711935948e-04 3.993135626060445868e-04 -5.105903099614082601e-07
-1.787358441421171616e-06 4.024731881375048499e-04 3.449623554176998368e-05 2.452901244788644333e-07 1.010710028008958298e-06 -1.431848206123096920e-05 -6.002319626872769072e-04 3.315279303303860729e-03 -2.521464241841600952e-04 2.207214398012134629e-04
-3.705518452038899512e-07 3.449623554176998368e-05 1.885779213486310767e-05 3.437590548151885966e-07 2.182541894257828302e-07 -3.361618001876220117e-06 -9.907432103244484338e-05 3.813759993023637719e-04 1.078386332780144124e-03 2.131770066661059019e-05
-2.749047509496750551e-07 2.452901244788644333e-07 3.437590548151885966e-07 3.538834306623884911e-07 1.051806935042151310e-08 -6.976497177996111023e-08 -1.645132118653655040e-05 5.252831078604716175e-05 1.051622329668640282e-04 2.083606637606418572e-08
7.327501981957543670e-08 1.010710028008958298e-06 2.182541894257828302e-07 1.051806935042151310e-08 2.805419070384776679e-08 -7.703315441208564665e-08 -1.292684580158876166e-06 -3.186723329536081802e-06 5.249488240828531206e-05 6.386056881376337492e-07
1.978513007882560793e-07 -1.431848206123096920e-05 -3.361618001876220117e-06 -6.976497177996111023e-08 -7.703315441208564665e-08 1.803418426110258589e-06 5.594290407958537285e-05 -2.438355513467178458e-04 -4.411352285346231889e-04 -9.629032435401456847e-06
4.158176752886250875e-05 -6.002319626872769072e-04 -9.907432103244485694e-05 -1.645132118653655040e-05 -1.292684580158876166e-06 5.594290407958535930e-05 7.058102593734021102e-02 -2.250646188655882340e-01 -1.122955494217303257e-01 -3.611035829903453862e-04
-1.678193749711935948e-04 3.315279303303860729e-03 3.813759993023637719e-04 5.252831078604716853e-05 -3.186723329536081802e-06 -2.438355513467178458e-04 -2.250646188655882340e-01 9.961132443510664070e-01 -4.268970939736850823e-01 1.966042583795890846e-03
3.993135626060445326e-04 -2.521464241841605831e-04 1.078386332780144124e-03 1.051622329668640282e-04 5.249488240828531206e-05 -4.411352285346231889e-04 -1.122955494217303396e-01 -4.268970939736850823e-01 4.254050308766588628e+00 3.940578926661772083e-04
-5.105903099614083659e-07 2.207214398012134629e-04 2.131770066661059019e-05 2.083606637606418572e-08 6.386056881376337492e-07 -9.629032435401456847e-06 -3.611035829903453862e-04 1.966042583795890846e-03 3.940578926661773710e-04 1.254709740403678699e-04
