# yp2 logA ns theta_MC_100 ombh2 omch2 w wa beta_DE tau
1.755755074771725945e-05 -1.286521639308228432e-06 -9.467139805410562411e-07 -1.354158148516941034e-07 1.639697843151958514e-07 4.889994518311595680e-07 1.670869409195358679e-05 -5.775478285818696388e-05 -7.700026766985368235e-04 -1.566569040135888109e-07
-1.286521639308228432e-06 5.632295266079830748e-04 5.517702053019729700e-05 1.884484915260503434e-06 1.025407606841892959e-06 -2.324454013254174730e-05 -1.295095601583669395e-04 2.557058861965698544e-04 2.326846755326681185e-02 3.116355286487313379e-04
-9.467139805410562411e-07 5.517702053019729700e-05 2.388092202362660901e-05 7.392544423031802750e-07 2.354723758458576787e-07 -5.219645918548368163e-06 -2.480799814569557398e-05 5.150155315625140014e-06 6.235519640777496299e-03 3.348185062864356593e-05
-1.354158148516941034e-07 1.884484915260503434e-06 7.392544423031802750e-07 4.040994424776809082e-07 2.158541427476091206e-08 -1.524748545874867993e-07 1.935039297568297525e-06 2.202215194661405717e-05 6.512444718684304388e-04 9.704886942547952703e-07
1.639697843151958514e-07 1.025407606841892959e-06 2.354723758458576787e-07 2.158541427476091206e-08 3.468856358127927516e-08 -6.768042582473496476e-08 -7.730044905977246102e-07 9.001450780331535356e-06 6.990667774383169618e-05 6.272697644056282186e-07
4.889994518311595680e-07 -2.324454013254174730e-05 -5.219645918548368163e-06 -1.524748545874867993e-07 -6.768042582473496476e-08 2.678836239986954254e-06 2.537043525172707136e-05 -6.578603290135409600e-05 -3.231614412891671648e-03 -1.508040783353076397e-05
1.670869409195358679e-05 -1.295095601583669395e-04 -2.480799814569557737e-05 1.935039297568297948e-06 -7.730044905977248219e-07 2.537043525172707136e-05 3.013644164953166796e-02 -1.510345843155570245e-01 -1.492208254044283533e-01 -1.030896238318321136e-04
-5.775478285818695033e-05 2.557058861965696376e-04 5.150155315625140014e-06 2.202215194661405039e-05 9.001450780331535356e-06 -6.578603290135409600e-05 -1.510345843155570245e-01 1.090621535673195419e+00 -7.309872917178648066e-01 2.382907062796781582e-04
-7.700026766985368235e-04 2.326846755326681185e-02 6.235519640777497166e-03 6.512444718684304388e-04 6.990667774383169618e-05 -3.231614412891672082e-03 -1.492208254044283533e-01 -7.309872917178648066e-01 2.202506456846396432e+01 1.552674112702279868e-02
-1.566569040135887050e-07 3.116355286487313379e-04 3.348185062864356593e-05 9.704886942547952703e-07 6.272697644056282186e-07 -1.508040783353076397e-05 -1.030896238318321001e-04 2.382907062796781582e-04 1.552674112702279868e-02 1.775271483136478718e-04
