# yp2 logA ns theta_MC_100 ombh2 omch2 w wa beta_DE tau
1.641613915270429940e-05 2.051929391720062066e-06 -8.333755257813893578e-07 -1.484321574930902535e-07 1.228082476594488120e-07 3.770176406646604399e-07 -7.161547643208833187e-05 5.419580672552479380e-05 9.364786716867032476e-04 1.500959257891054328e-06
2.051929391720062066e-06 6.080076200131115252e-04 4.651051818685364252e-05 1.588231669494020632e-06 7.670402895399130489e-07 -1.835306129033895936e-05 -3.062804585651053503e-04 2.492197762353421959e-03 3.198306910879825105e-02 3.271996398865249745e-04
-8.333755257813893578e-07 4.651051818685364252e-05 2.680561792469713338e-05 8.287051409149658497e-07 3.606044446861148060e-07 -7.440772269675217471e-06 3.208541304739801186e-04 -1.844874336360792988e-04 -4.660452323003376474e-03 3.209057078113729944e-05
-1.484321574930902535e-07 1.588231669494020632e-06 8.287051409149658497e-07 3.944031785531402799e-07 2.687151978457684340e-08 -2.773263038576443033e-07 -7.946173099375970159e-06 -1.730673754208911195e-05 2.068995345694262943e-04 9.672845128333952657e-07
1.228082476594488120e-07 7.670402895399130489e-07 3.606044446861148060e-07 2.687151978457684340e-08 3.861139923904575286e-08 -1.485125991322297334e-07 8.970955395626429397e-06 -9.916719524653050917e-06 -1.030748510653670748e-04 6.013867167490838167e-07
3.770176406646604399e-07 -1.835306129033895936e-05 -7.440772269675217471e-06 -2.773263038576443033e-07 -1.485125991322297334e-07 4.169918968149382593e-06 -9.038996593221354623e-05 1.343995588408473214e-04 2.263778455763718576e-03 -1.478824546570559559e-05
-7.161547643208833187e-05 -3.062804585651054045e-04 3.208541304739801186e-04 -7.946173099375971853e-06 8.970955395626427703e-06 -9.038996593221354623e-05 4.668662066365312224e-01 -4.532977888908504838e-01 -2.307259315746610806e+00 -5.920414916561369644e-05
5.419580672552479380e-05 2.492197762353421959e-03 -1.844874336360793259e-04 -1.730673754208910856e-05 -9.916719524653049223e-06 1.343995588408473485e-04 -4.532977888908504838e-01 1.475585622213609671e+00 1.508989738879463527e+00 1.113826040722313811e-03
9.364786716867032476e-04 3.198306910879825105e-02 -4.660452323003377341e-03 2.068995345694262943e-04 -1.030748510653670748e-04 2.263778455763718576e-03 -2.307259315746610806e+00 1.508989738879463527e+00 2.978526332913418173e+01 1.293688372550456413e-02
1.500959257891054963e-06 3.271996398865249745e-04 3.209057078113729944e-05 9.672845128333952657e-07 6.013867167490839226e-07 -1.478824546570559559e-05 -5.920414916561368289e-05 1.113826040722313811e-03 1.293688372550456413e-02 1.850684629168205825e-04
