# logA ns theta_MC_100 ombh2 omch2 w wa beta_DE tau A_planck calib_100T calib_217T A_cib_217 xi_sz_cib A_sz ksz_norm gal545_A_100 gal545_A_143 gal545_A_143_217 gal545_A_217 ps_A_100_100 ps_A_143_143 ps_A_143_217 ps_A_217_217 galf_TE_A_100 galf_TE_A_100_143 galf_TE_A_100_217 galf_TE_A_143 galf_TE_A_143_217 galf_TE_A_217
1.794783681657834281e-04 1.033203260793819036e-05 1.523294325161814576e-06 6.711628624431330040e-07 -3.691218513668911283e-06 -3.309184748572551664e-05 3.628969997202830954e-04 -8.933920461753660827e-06 9.488544196598889581e-05 -1.170335365937609255e-06 1.008392547133595856e-06 -4.089079417709683386e-08 -3.654637346391130049e-04 6.972510989900475731e-04 1.682645762904386774e-03 -1.819985497627847225e-03 3.422300303110971734e-03 3.566758504980531517e-03 1.996296726487725281e-03 -8.411128152546683322e-04 -2.574218220242514843e-02 -6.023587211480523583e-03 1.631256751436197319e-02 6.191130710736310501e-04 -5.241901706927790377e-05 2.231558353953099220e-05 -2.621461628741646155e-05 7.915719320142327188e-05 -5.021704101152782293e-05 3.170473158564396788e-04
1.033203260793819036e-05 1.191961376492883149e-05 4.110433625758550577e-07 1.267459388626188322e-07 -1.846361804651900224e-06 -1.250705010094091375e-05 1.670063271092095175e-04 -1.251361706181885712e-06 6.743916166675614141e-06 1.602315949732420747e-06 -2.374020790352019408e-07 -3.453212341937588404e-07 -2.398367371718670808e-03 4.872995753485245444e-05 5.653835906878558644e-04 -1.312276689088323536e-03 8.893573243220158743e-04 -8.288049715204776069e-04 -1.531374067065806310e-03 -1.832644680182872726e-03 -2.336201765715518672e-02 -4.624513245149078355e-03 1.014144823258838731e-03 3.192883980580046941e-03 -1.216009628970842049e-05 1.416858552907904478e-05 -4.546133113716284652e-05 2.881365063431488811e-06 2.939106689219057170e-05 -7.574018979084206249e-05
1.523294325161814576e-06 4.110433625758550577e-07 8.256966016925065765e-08 1.010468819512484565e-08 -9.219280912793018429e-08 -1.601374094416084633e-07 8.249087638655093355e-06 -1.911287300183968843e-07 8.205835576972473388e-07 3.319417972767000413e-08 1.902171069897400930e-09 -1.206666243227643335e-08 -2.314051982038395285e-04 -6.176913319341220476e-07 1.126589995328218239e-05 -5.946160669509730997e-05 5.593204011275398533e-05 -1.031423523000358503e-05 2.695577568222454589e-05 1.646282741932533582e-04 2.021126504584701592e-04 -1.264941301257785323e-04 -1.040068078023346299e-05 2.640695630420558182e-04 -2.600992552179314591e-06 7.042805997565884696e-07 -2.113471202026687577e-06 -3.739339543250117402e-07 1.186003809320519496e-06 -3.731781790129093972e-06
6.711628624431330040e-07 1.267459388626188322e-07 1.010468819512484565e-08 1.538800581388570599e-08 -4.537798620672381039e-08 -1.073921117929124045e-06 6.689657005160962813e-06 -1.081678385852415736e-07 3.626364548406535431e-07 5.075822448537057374e-09 6.204176003315834901e-09 3.887549872241804652e-10 -1.734897556701267524e-05 5.599065029993122820e-06 5.287431677666189049e-05 -6.441677725789232679e-05 -2.086863383184596059e-05 2.256325007614445489e-05 5.213273759071639758e-05 3.783988935950754220e-05 -4.367318267177609163e-04 -5.218294085392045760e-05 1.712245553721654780e-04 1.406970384534231695e-05 -1.270706254289116900e-06 -2.381273117125400123e-07 -6.116281075078339385e-07 -5.199998776835050591e-07 -6.681958024422233350e-08 -1.296356476713343908e-06
-3.691218513668911283e-06 -1.846361804651900224e-06 -9.219280912793018429e-08 -4.537798620672381039e-08 7.959768476619224285e-07 1.065246217956705742e-05 -1.001991370985050414e-04 2.384271577438408376e-07 -2.234022878421644849e-06 -7.002459442242810807e-07 2.372974761861690771e-08 8.988493210933842944e-09 -6.137863774048780280e-04 7.786307629932418879e-06 1.636081465908529643e-04 -2.048125144737820340e-04 -1.503581554455218374e-04 -1.246808157978019033e-04 9.110158615321910580e-06 7.124428288253900545e-05 3.681573680794773579e-05 5.305339695037557301e-04 1.234617522940592441e-03 1.697338513746315730e-03 4.131672592264049257e-06 -7.429928465740253992e-08 3.337824046963774654e-06 3.545990240530524450e-06 -2.907628077244430425e-06 7.516226286043003849e-06
-3.309184748572551664e-05 -1.250705010094091375e-05 -1.601374094416084633e-07 -1.073921117929124045e-06 1.065246217956705742e-05 3.460479632800813731e-03 -1.395078338350544053e-02 1.248501808624151754e-05 2.715137102636271001e-06 -2.988614128138404746e-05 2.657651920110823734e-06 1.435446751618265891e-07 7.702545848411378356e-03 5.076466646864813631e-04 8.840982292709706133e-03 -1.482914050847021319e-02 1.199598860731750094e-02 -1.076372113954011250e-02 5.390312412652121642e-04 -2.180933528540565658e-02 -7.020980419430952746e-02 5.003252138424013618e-02 5.946333915471789522e-02 5.025234122887122651e-02 4.002921391249984095e-05 1.516501575878896504e-04 4.639097981894440442e-04 2.719111203942254653e-04 -4.220113815469237438e-04 7.117497390862650812e-04
3.628969997202830954e-04 1.670063271092095175e-04 8.249087638655093355e-06 6.689657005160962813e-06 -1.001991370985050414e-04 -1.395078338350544053e-02 6.831844709363600610e-02 -6.214005190805478389e-05 9.137842483355370347e-05 2.073340145726134244e-04 -9.802823799352369959e-06 -4.923477661265484396e-06 6.960261858484062536e-02 -1.548327370237132135e-03 -5.940556087638999144e-02 6.397460849204417155e-02 -1.408035847901319658e-02 5.296193121407850174e-02 -1.405748158614361296e-02 4.020660078132699822e-02 5.773357118591989634e-01 -1.961442686751725395e-01 -3.254346176563731041e-01 -3.831448999555241985e-01 -2.358855360500495863e-04 -6.514343202165381787e-04 -3.605530002436776061e-03 -1.288951669229508818e-03 9.789364983582848900e-04 -8.054148846846270748e-03
-8.933920461753660827e-06 -1.251361706181885712e-06 -1.911287300183968843e-07 -1.081678385852415736e-07 2.384271577438408376e-07 1.248501808624151754e-05 -6.214005190805478389e-05 6.698785376538342405e-06 -4.493549337372662287e-06 -1.180520813951947821e-07 3.269219226526039217e-08 -5.623777969150548838e-09 2.877582247480720869e-03 -2.807947121273826927e-05 -9.411133193475531081e-04 5.842376843096316755e-04 3.993799426719613229e-04 -3.230944808144838157e-05 -9.714732244869464343e-04 -2.821431776020448100e-03 2.674215053288277622e-03 2.983538578947240397e-03 -1.335575900878028946e-03 -4.253521505951550312e-03 1.554222428637931262e-05 1.276005962112990773e-06 -6.510612785242026193e-06 4.477126174477609011e-06 5.588609694967581791e-06 -3.727315778445862617e-06
9.488544196598889581e-05 6.743916166675614141e-06 8.205835576972473388e-07 3.626364548406535960e-07 -2.234022878421644849e-06 2.715137102636271001e-06 9.137842483355370347e-05 -4.493549337372662287e-06 5.479334347552120016e-05 -4.366013342048283959e-06 5.607231128182072187e-07 6.601944949015389690e-08 7.348927735467497774e-04 2.831886420488334511e-04 8.979273165989663059e-04 -6.813835921136775654e-04 2.581600909378641701e-03 1.835901159920401166e-03 4.936479251741066488e-04 -2.017275412013346848e-03 -1.669003598236690547e-02 -4.190582559020966658e-03 6.551994967981426138e-03 -2.275706505995076737e-03 -2.705106313443220403e-05 1.415877358626568922e-05 -2.369100103423689562e-05 3.618119184866374369e-05 -1.594932844537486679e-05 1.609802516288883194e-04
-1.170335365937609255e-06 1.602315949732420747e-06 3.319417972767000413e-08 5.075822448537057374e-09 -7.002459442242810807e-07 -2.988614128138404746e-05 2.073340145726134244e-04 -1.180520813951947821e-07 -4.366013342048283959e-06 4.971648646161407672e-06 -1.581215071042682500e-07 -4.379050079895066964e-08 7.040366477222482393e-04 -1.730549828653778850e-05 -6.220387993008213816e-04 7.047038578669383938e-04 -4.672445128002278595e-04 1.964480941844883065e-04 1.987713239238665284e-04 8.713483042607029832e-04 8.150633766212464146e-03 -1.155205238418199838e-04 -2.635428833497871406e-03 -1.383866125316061003e-03 1.057132689134912341e-06 -4.985003468293131849e-07 6.438625266093108009e-06 -5.645374824499937403e-07 1.338392021199229913e-06 -1.812905261371716770e-06
1.008392547133595856e-06 -2.374020790352019408e-07 1.902171069897400930e-09 6.204176003315834901e-09 2.372974761861690771e-08 2.657651920110823734e-06 -9.802823799352371653e-06 3.269219226526039217e-08 5.607231128182072187e-07 -1.581215071042682500e-07 2.812259602315991302e-07 2.648347177807270373e-08 1.406047695465897928e-04 3.286607000779952163e-06 3.363130265249286059e-04 -3.185415414125890624e-04 1.283601346703828886e-04 -1.949596199650597867e-04 1.650910642558209285e-04 2.444410623544504058e-04 1.822679515580592118e-03 4.417108154532735885e-04 1.240263440471035426e-03 4.244591149657243011e-04 -2.796612683624346706e-06 -1.098438960561603193e-06 -5.148985563453026675e-06 2.643547781464694744e-06 -2.535242241113181084e-06 -9.830545157686475688e-06
-4.089079417709683386e-08 -3.453212341937588404e-07 -1.206666243227643335e-08 3.887549872241804652e-10 8.988493210933842944e-09 1.435446751618265891e-07 -4.923477661265486090e-06 -5.623777969150548838e-09 6.601944949015389690e-08 -4.379050079895066964e-08 2.648347177807270373e-08 3.271786661330518564e-07 9.977573104342242743e-04 -2.194101148846787033e-05 -9.628846980318490434e-05 2.166228342288111397e-04 -8.192008035793010997e-06 7.837001120301156476e-05 2.904346552002128826e-04 4.872147838992393312e-04 3.053937171752172438e-03 1.021101579012771466e-04 -1.010577099922338549e-03 -1.933425029554671328e-03 1.936379141648695775e-06 -1.595716749817396863e-06 1.159638497666324901e-06 -1.469560456384925651e-06 2.457882004207886608e-06 1.384517617122411187e-06
-3.654637346391124628e-04 -2.398367371718670808e-03 -2.314051982038395285e-04 -1.734897556701267863e-05 -6.137863774048780280e-04 7.702545848411378356e-03 6.960261858484062536e-02 2.877582247480720869e-03 7.348927735467499943e-04 7.040366477222482393e-04 1.406047695465897928e-04 9.977573104342242743e-04 4.088029267677718792e+01 -1.712818533252851994e-01 -1.494871510319862651e+00 -3.773323379401248845e-01 -3.118050364871530200e-01 2.030786276442309912e+00 -3.211160987803304501e+00 -2.763768215951421681e+01 5.798685515150280168e+01 5.211319910788102305e+00 -8.819002781001573865e+00 -5.267114482463456682e+01 1.297610500153798148e-02 8.289100098179858975e-03 -1.337476775207837587e-01 2.432866276627231039e-02 -8.138878952456293780e-02 -5.872888540440250604e-02
6.972510989900475731e-04 4.872995753485245444e-05 -6.176913319341212006e-07 5.599065029993124514e-06 7.786307629932418879e-06 5.076466646864814716e-04 -1.548327370237132135e-03 -2.807947121273826927e-05 2.831886420488334511e-04 -1.730549828653778850e-05 3.286607000779951316e-06 -2.194101148846787033e-05 -1.712818533252852271e-01 7.410167977072530665e-02 1.270090440645657848e-01 -1.195377675595047373e-01 -6.787371037127000462e-02 -1.825397483196487119e-02 7.593239224442244195e-02 -1.107140450038928831e-01 -2.579899396381503340e+00 5.397056936287876194e-01 1.895569632849080977e+00 5.787169977003699950e-01 -1.184943278763459732e-03 -7.395313369445357266e-04 -1.169247523835839934e-03 -4.345455770832696196e-04 -2.851977473004196038e-03 -2.882190365385244816e-03
1.682645762904386774e-03 5.653835906878558644e-04 1.126589995328218239e-05 5.287431677666189049e-05 1.636081465908529643e-04 8.840982292709707868e-03 -5.940556087638999838e-02 -9.411133193475531081e-04 8.979273165989663059e-04 -6.220387993008212732e-04 3.363130265249286059e-04 -9.628846980318491789e-05 -1.494871510319862873e+00 1.270090440645657848e-01 4.077593732926596992e+00 -2.979641149294522950e+00 -1.353665471352410443e-01 -5.427926211491035380e-01 1.955697227577056552e+00 1.684278831343714478e+00 -2.993522226047913648e+01 -2.058197282933335703e+00 1.231559090099093190e+01 8.062535377820788440e+00 -2.239484181750706071e-02 -5.722970517148583472e-03 1.824687832682026639e-02 7.481137466838371462e-03 -1.091347196510344952e-02 2.075208162005235182e-02
-1.819985497627847225e-03 -1.312276689088323102e-03 -5.946160669509730997e-05 -6.441677725789232679e-05 -2.048125144737820340e-04 -1.482914050847021839e-02 6.397460849204417155e-02 5.842376843096317839e-04 -6.813835921136779990e-04 7.047038578669385022e-04 -3.185415414125890624e-04 2.166228342288111397e-04 -3.773323379401249400e-01 -1.195377675595047373e-01 -2.979641149294522950e+00 5.908839171160829018e+00 -3.592975406914183240e-02 4.604680019617023445e-01 -1.913259134298991526e+00 -1.093059842943248983e+00 9.708233631168129207e+00 -6.682419390928616032e+00 -1.590800208439005381e+01 -9.781906406030808299e+00 1.247418455992965053e-02 -5.820571321589551074e-03 1.487964437195144797e-02 -1.852680241248747320e-02 3.556265988037015519e-02 2.936320287579670743e-02
3.422300303110970866e-03 8.893573243220158743e-04 5.593204011275398533e-05 -2.086863383184596059e-05 -1.503581554455218374e-04 1.199598860731749747e-02 -1.408035847901319658e-02 3.993799426719613229e-04 2.581600909378640833e-03 -4.672445128002278595e-04 1.283601346703828886e-04 -8.192008035793010997e-06 -3.118050364871530200e-01 -6.787371037127000462e-02 -1.353665471352410998e-01 -3.592975406914174913e-02 3.433668508087250881e+00 1.338808802361817485e-01 -3.503680727634739811e-01 3.486456811227993668e-01 -8.298871247087259206e+00 -7.973915263259243602e-01 -1.241393206451405495e+00 4.075552639927496057e-01 -2.480025158131997040e-04 4.646517125733493460e-04 -2.814158251975076158e-02 6.853219141735580541e-03 1.135041725766278153e-02 -6.080731030208316734e-02
3.566758504980530649e-03 -8.288049715204776069e-04 -1.031423523000357317e-05 2.256325007614445489e-05 -1.246808157978019304e-04 -1.076372113954011250e-02 5.296193121407850174e-02 -3.230944808144838157e-05 1.835901159920401166e-03 1.964480941844883065e-04 -1.949596199650597867e-04 7.837001120301156476e-05 2.030786276442309912e+00 -1.825397483196488160e-02 -5.427926211491036490e-01 4.604680019617022890e-01 1.338808802361817207e-01 2.853734022419265326e+00 2.035016377138996635e+00 1.399260998425783553e+00 1.223290113999047080e+01 -9.041200254002973447e-01 -3.118225703473339827e+00 -4.631566589366518549e+00 2.683941629561552213e-03 -2.245207500761036302e-03 2.224866869857513446e-02 -1.579382729212200440e-03 -7.952326947986712580e-03 5.852227017647993607e-02
1.996296726487725281e-03 -1.531374067065806310e-03 2.695577568222455605e-05 5.213273759071639758e-05 9.110158615321980037e-06 5.390312412652121642e-04 -1.405748158614362163e-02 -9.714732244869464343e-04 4.936479251741066488e-04 1.987713239238664742e-04 1.650910642558209285e-04 2.904346552002128826e-04 -3.211160987803304501e+00 7.593239224442244195e-02 1.955697227577056552e+00 -1.913259134298991526e+00 -3.503680727634739811e-01 2.035016377138996635e+00 8.208281137837209585e+00 1.378215672730912900e+01 2.460167228987530486e+00 3.385220181262506234e+00 3.121159681067656955e+00 3.113144922077932364e+00 -6.695109632916835564e-03 -5.613204947877425098e-03 5.060660900280820884e-02 -6.405426662448327618e-04 -2.568273430430431659e-02 7.735239382374692330e-02
-8.411128152546683322e-04 -1.832644680182872726e-03 1.646282741932533582e-04 3.783988935950754220e-05 7.124428288253900545e-05 -2.180933528540565658e-02 4.020660078132700516e-02 -2.821431776020448100e-03 -2.017275412013347282e-03 8.713483042607029832e-04 2.444410623544504058e-04 4.872147838992393312e-04 -2.763768215951421681e+01 -1.107140450038928692e-01 1.684278831343714478e+00 -1.093059842943249205e+00 3.486456811227994779e-01 1.399260998425783553e+00 1.378215672730912900e+01 4.273459600037521966e+01 -5.460454872593817122e+00 3.208168292728064142e+00 -7.835185492712405386e-01 2.738266433162869973e+01 -1.061877889656929422e-03 -1.482698475143923340e-02 1.389219658383856471e-01 -2.735190756372071763e-02 2.381112403473320885e-02 1.489386166844246517e-01
-2.574218220242514843e-02 -2.336201765715518672e-02 2.021126504584701592e-04 -4.367318267177609163e-04 3.681573680794773579e-05 -7.020980419430952746e-02 5.773357118591989634e-01 2.674215053288278490e-03 -1.669003598236690547e-02 8.150633766212464146e-03 1.822679515580592118e-03 3.053937171752172438e-03 5.798685515150280168e+01 -2.579899396381503340e+00 -2.993522226047913648e+01 9.708233631168129207e+00 -8.298871247087259206e+00 1.223290113999047080e+01 2.460167228987530486e+00 -5.460454872593817122e+00 8.480185216115162348e+02 6.886647357299497685e+01 -1.003361011597149997e+02 -9.864924646180756440e+01 6.398225393279738382e-02 4.220527215989926945e-02 -9.069782158460787391e-02 6.377486046449766521e-02 -9.207366121036575368e-02 1.798892102475863342e-01
-6.023587211480521848e-03 -4.624513245149078355e-03 -1.264941301257785052e-04 -5.218294085392047115e-05 5.305339695037557301e-04 5.003252138424015005e-02 -1.961442686751725395e-01 2.983538578947240397e-03 -4.190582559020966658e-03 -1.155205238418199160e-04 4.417108154532735885e-04 1.021101579012771195e-04 5.211319910788102305e+00 5.397056936287876194e-01 -2.058197282933335259e+00 -6.682419390928616032e+00 -7.973915263259243602e-01 -9.041200254002973447e-01 3.385220181262506234e+00 3.208168292728065030e+00 6.886647357299497685e+01 4.828066076641992765e+01 2.910772483307160741e+01 7.823578758470858929e+00 8.978922624847937572e-03 7.328324018030756351e-03 -1.329196329161169352e-02 -3.315933133187073424e-03 -7.786306611031805491e-02 -8.098599980381986085e-02
1.631256751436197319e-02 1.014144823258838731e-03 -1.040068078023346299e-05 1.712245553721655051e-04 1.234617522940592224e-03 5.946333915471789522e-02 -3.254346176563731041e-01 -1.335575900878028946e-03 6.551994967981426138e-03 -2.635428833497871406e-03 1.240263440471035426e-03 -1.010577099922338766e-03 -8.819002781001573865e+00 1.895569632849080977e+00 1.231559090099093012e+01 -1.590800208439005381e+01 -1.241393206451405939e+00 -3.118225703473339827e+00 3.121159681067656955e+00 -7.835185492712405386e-01 -1.003361011597149997e+02 2.910772483307160741e+01 9.584556946178383896e+01 5.395234557109012030e+01 -7.814052342116106775e-02 -1.869259529801673911e-02 2.455429447932838682e-02 2.553624798962879361e-02 -1.132363762926027473e-01 -5.156393163632538856e-02
6.191130710736318090e-04 3.192883980580046941e-03 2.640695630420558182e-04 1.406970384534231695e-05 1.697338513746315730e-03 5.025234122887122651e-02 -3.831448999555241985e-01 -4.253521505951550312e-03 -2.275706505995076737e-03 -1.383866125316061003e-03 4.244591149657243011e-04 -1.933425029554671328e-03 -5.267114482463457392e+01 5.787169977003699950e-01 8.062535377820788440e+00 -9.781906406030808299e+00 4.075552639927493281e-01 -4.631566589366518549e+00 3.113144922077932364e+00 2.738266433162869973e+01 -9.864924646180756440e+01 7.823578758470858929e+00 5.395234557109012030e+01 1.024563031064079439e+02 -4.523875620421317911e-02 -4.149740682606432168e-03 1.866782554689384588e-01 1.613310035373726609e-02 3.580502233954372532e-02 1.528861079864097215e-02
-5.241901706927790377e-05 -1.216009628970842049e-05 -2.600992552179314591e-06 -1.270706254289116689e-06 4.131672592264050104e-06 4.002921391249985450e-05 -2.358855360500495592e-04 1.554222428637931262e-05 -2.705106313443221420e-05 1.057132689134912130e-06 -2.796612683624346706e-06 1.936379141648695775e-06 1.297610500153797974e-02 -1.184943278763459949e-03 -2.239484181750706071e-02 1.247418455992965053e-02 -2.480025158131991076e-04 2.683941629561550912e-03 -6.695109632916835564e-03 -1.061877889656927905e-03 6.398225393279741158e-02 8.978922624847932368e-03 -7.814052342116108163e-02 -4.523875620421319299e-02 1.729283711964313972e-03 5.708401335440364821e-04 2.524797873663660688e-04 1.276891643036123856e-04 3.765537103442380455e-05 -1.053025428846523554e-04
2.231558353953098882e-05 1.416858552907904478e-05 7.042805997565888931e-07 -2.381273117125400388e-07 -7.429928465740239434e-08 1.516501575878896504e-04 -6.514343202165381787e-04 1.276005962112991832e-06 1.415877358626569430e-05 -4.985003468293137143e-07 -1.098438960561603193e-06 -1.595716749817396863e-06 8.289100098179857240e-03 -7.395313369445356182e-04 -5.722970517148584339e-03 -5.820571321589554543e-03 4.646517125733483160e-04 -2.245207500761035868e-03 -5.613204947877425965e-03 -1.482698475143923514e-02 4.220527215989927639e-02 7.328324018030756351e-03 -1.869259529801673911e-02 -4.149740682606433036e-03 5.708401335440362653e-04 8.373971331170546300e-04 2.685511196613390422e-05 8.094218564183683524e-04 7.862737561592196968e-05 -6.544229118882415562e-04
-2.621461628741644461e-05 -4.546133113716284652e-05 -2.113471202026687577e-06 -6.116281075078339385e-07 3.337824046963775924e-06 4.639097981894440984e-04 -3.605530002436776061e-03 -6.510612785242030428e-06 -2.369100103423689562e-05 6.438625266093108009e-06 -5.148985563453026675e-06 1.159638497666324265e-06 -1.337476775207837865e-01 -1.169247523835840368e-03 1.824687832682025945e-02 1.487964437195144624e-02 -2.814158251975076158e-02 2.224866869857513446e-02 5.060660900280820884e-02 1.389219658383856471e-01 -9.069782158460794330e-02 -1.329196329161169352e-02 2.455429447932839723e-02 1.866782554689384588e-01 2.524797873663661772e-04 2.685511196613392116e-05 8.251246295132548883e-03 -5.877762065325383908e-04 -1.143480715319092176e-04 7.063769367381221922e-03
7.915719320142327188e-05 2.881365063431488387e-06 -3.739339543250117402e-07 -5.199998776835050591e-07 3.545990240530524873e-06 2.719111203942254111e-04 -1.288951669229508818e-03 4.477126174477609858e-06 3.618119184866373691e-05 -5.645374824499937403e-07 2.643547781464694744e-06 -1.469560456384925651e-06 2.432866276627231039e-02 -4.345455770832696196e-04 7.481137466838371462e-03 -1.852680241248747320e-02 6.853219141735579674e-03 -1.579382729212202609e-03 -6.405426662448322197e-04 -2.735190756372072804e-02 6.377486046449766521e-02 -3.315933133187075593e-03 2.553624798962879361e-02 1.613310035373727649e-02 1.276891643036123585e-04 8.094218564183683524e-04 -5.877762065325382824e-04 2.772957124232332694e-03 2.617437114276417232e-04 -1.486104037319497129e-03
-5.021704101152782971e-05 2.939106689219057170e-05 1.186003809320519496e-06 -6.681958024422233350e-08 -2.907628077244430425e-06 -4.220113815469237438e-04 9.789364983582848900e-04 5.588609694967581791e-06 -1.594932844537487018e-05 1.338392021199230972e-06 -2.535242241113181508e-06 2.457882004207886608e-06 -8.138878952456293780e-02 -2.851977473004196472e-03 -1.091347196510344779e-02 3.556265988037015519e-02 1.135041725766278674e-02 -7.952326947986712580e-03 -2.568273430430431312e-02 2.381112403473320191e-02 -9.207366121036573980e-02 -7.786306611031805491e-02 -1.132363762926027473e-01 3.580502233954372532e-02 3.765537103442380455e-05 7.862737561592198323e-05 -1.143480715319093532e-04 2.617437114276417232e-04 5.585517387914922319e-03 5.849099269651223190e-03
3.170473158564396788e-04 -7.574018979084206249e-05 -3.731781790129093972e-06 -1.296356476713343908e-06 7.516226286043006390e-06 7.117497390862650812e-04 -8.054148846846270748e-03 -3.727315778445862617e-06 1.609802516288882923e-04 -1.812905261371716770e-06 -9.830545157686475688e-06 1.384517617122411187e-06 -5.872888540440250604e-02 -2.882190365385243948e-03 2.075208162005235182e-02 2.936320287579670396e-02 -6.080731030208316734e-02 5.852227017647993607e-02 7.735239382374692330e-02 1.489386166844247350e-01 1.798892102475863064e-01 -8.098599980381986085e-02 -5.156393163632538162e-02 1.528861079864100858e-02 -1.053025428846524232e-04 -6.544229118882415562e-04 7.063769367381221055e-03 -1.486104037319497129e-03 5.849099269651223190e-03 7.330347076690649222e-02
