# logA ns theta_MC_100 ombh2 omch2 w wa beta_DE tau A_planck calib_100T calib_217T A_cib_217 xi_sz_cib A_sz ksz_norm gal545_A_100 gal545_A_143 gal545_A_143_217 gal545_A_217 ps_A_100_100 ps_A_143_143 ps_A_143_217 ps_A_217_217 galf_TE_A_100 galf_TE_A_100_143 galf_TE_A_100_217 galf_TE_A_143 galf_TE_A_143_217 galf_TE_A_217
2.431143431205431038e-04 1.262109259115635050e-05 5.132718183860122569e-07 5.290090891776251129e-07 -4.089847521640675510e-06 8.542309222736006822e-04 -9.090616772943894801e-04 -2.240972881483232961e-04 1.128865574546574434e-04 1.141509292858374965e-05 -5.496312784512569707e-07 7.723725597925192224e-08 4.517957521443709355e-04 -3.773793703120061635e-04 -2.408243452494976346e-04 -3.930193075595831038e-03 -2.861452789196298595e-03 -2.030639922641905900e-03 -1.972050190847554705e-03 2.176344364177122139e-04 -6.616457074691858668e-03 -8.823528817976862212e-03 -1.378190026271525898e-02 1.404761548595020787e-03 -6.301188731882066873e-06 1.942926116082245987e-05 -1.254115840443286020e-04 5.108586741473259422e-05 -9.158820797624206780e-05 -8.958143029964828424e-05
1.262109259115635050e-05 1.357481788277630516e-05 3.373292487395187266e-07 2.582115230957256813e-07 -2.754185120313910464e-06 -6.561678205159334170e-05 -2.792919684178913492e-06 -1.274463776397636704e-04 9.613863629327446491e-06 1.603010386193572733e-07 2.108859497125559056e-08 -1.317572196114299457e-07 -4.966860633600492410e-03 1.539391382486306333e-05 7.901719663282454975e-04 -3.015521316191243500e-03 2.856664694527135859e-04 -5.999908424039588793e-05 -5.316071840535947605e-04 1.106564942126591136e-03 -8.653344380017616647e-03 -5.325587336185370023e-03 2.679870169786054569e-03 9.146038328704935230e-03 3.188860698959652779e-06 -9.982549985310725654e-06 -5.902135909347263522e-06 -5.455813569905103744e-06 -3.014439991797772270e-05 9.864135023645991690e-05
5.132718183860122569e-07 3.373292487395187266e-07 9.755126257163153531e-08 2.017604171583539331e-08 -1.133012466304592179e-07 1.330667578130170396e-05 -1.041243087391145500e-05 5.766506718554509051e-06 2.527030204769254772e-07 4.512666863696608741e-08 1.697822042230766716e-08 -6.465132129856050477e-09 1.531519029073983142e-04 2.274550174295522269e-06 -5.011476230007704701e-05 -3.822350623401145315e-05 -1.018042177271333905e-04 -4.194658678006839698e-05 -8.102666574498944361e-05 -2.247252809535584331e-04 1.478609000190960615e-03 1.126028110167352590e-04 1.758513187116024729e-05 -9.606030209110673975e-05 -1.629427971129304819e-06 -9.942474725790793558e-07 -3.052982900026204708e-06 -5.564038310889654649e-07 -1.191943601071768312e-06 9.491065571859968206e-06
5.290090891776251129e-07 2.582115230957256813e-07 2.017604171583539331e-08 2.245881945565323585e-08 -9.378537376598015823e-08 1.223374103984282973e-06 5.771621213009577099e-06 -2.470530000495829669e-06 3.107480393760094994e-07 -2.706033848704660802e-09 9.408246425125497931e-10 9.482169189789435440e-10 -5.070831056227923829e-05 3.234204744115601938e-06 -3.489272054886764029e-07 -8.181370063139249997e-05 -2.681574942469186614e-05 -3.604884190285400242e-05 -6.132289898870543830e-05 -9.508018715746975656e-05 1.556049861645279373e-05 -1.029783128641501439e-04 2.604672229545353118e-05 1.013894541968954815e-04 -4.271052404972130606e-07 -1.037006130854000941e-07 -2.977467238080887232e-06 -8.222062078165230062e-09 -6.348503957130312768e-07 -3.108093766948633685e-06
-4.089847521640675510e-06 -2.754185120313910464e-06 -1.133012466304592179e-07 -9.378537376598015823e-08 1.075099174639591250e-06 -7.631335868770279250e-06 1.025534943436930341e-04 3.061975264346706725e-05 -3.083310762082882654e-06 -1.663007210680625070e-07 -2.924473854807645438e-08 -7.687632336954501657e-09 2.579615469553967378e-04 1.539205563318008754e-05 -2.131893614915804521e-04 5.677978405197033019e-04 -4.991267372173921045e-05 2.507363832968673151e-05 -9.319677069469951283e-05 -2.191150345964546127e-04 -3.074024025987428859e-04 7.264699697083293545e-04 7.194658031103527403e-05 -7.746458056033492419e-04 -1.898148259517894920e-06 1.551232106894042711e-06 1.022517967143603520e-05 2.033241320121977229e-06 1.193756753539786613e-05 1.030337231887612563e-06
8.542309222736006822e-04 -6.561678205159334170e-05 1.330667578130170396e-05 1.223374103984282973e-06 -7.631335868770275862e-06 1.552579100744936602e-01 -3.429050304514304481e-01 -1.072665924273970804e-02 2.727882638622860698e-04 1.360139880073574735e-04 -3.202464567258185113e-05 -2.160767735917353710e-05 2.069295235868105765e-01 5.209929343770378779e-03 -1.228077959897307392e-01 -3.066560841841493943e-03 1.948123342453860624e-02 3.234230615131555159e-02 -6.721259377122003331e-02 -2.896997211588818177e-01 -1.493741012847080163e-01 4.416527240407581711e-01 -2.089527720512264139e-02 -1.086083422916103991e-01 9.521833162908835673e-04 9.763008389973146977e-04 -2.897077887835055980e-03 -7.150776868287253476e-04 2.376059501278811293e-04 6.529013296783775684e-03
-9.090616772943891548e-04 -2.792919684178949914e-06 -1.041243087391145331e-05 5.771621213009577099e-06 1.025534943436930341e-04 -3.429050304514304481e-01 1.231321399223416657e+00 8.099737095175579826e-02 -4.948550459722867324e-04 -1.177328186688726870e-04 4.545402553286130923e-05 1.543757047131083350e-05 -5.857355349479935747e-01 2.845119375338108977e-02 2.408031887707782481e-01 3.533515486380677667e-02 -1.368898027727678823e-01 2.496355556176528198e-02 1.868568273423905912e-01 5.629761202996401703e-01 -6.577916487756737540e-01 -6.657114316601322468e-01 6.111178697360103440e-01 5.124513106705563814e-01 -2.461324562151766954e-03 -2.334052066969422717e-03 -6.277907271977438940e-03 4.819008000101031655e-03 9.060052716897828290e-03 1.855681814299895566e-02
-2.240972881483233503e-04 -1.274463776397636704e-04 5.766506718554509051e-06 -2.470530000495829669e-06 3.061975264346706725e-05 -1.072665924273970804e-02 8.099737095175579826e-02 7.358369014162574606e-02 -1.219207509175712455e-04 4.220058573308791912e-07 -1.810902280532245760e-06 2.638880675505140020e-05 1.286751721532194970e-01 8.521646155265258024e-03 5.105942843372321405e-02 -1.731389865390041763e-02 4.974021862698232294e-02 -2.852411900369042352e-02 6.764659135985590099e-02 -3.458601285844394718e-02 -7.764351917276169912e-01 3.883170234346822736e-01 4.352910486161728487e-01 1.094868422638959754e-01 -5.399899482223499735e-04 -4.036534143684517343e-04 -2.408656911123338573e-03 1.213638993388015900e-03 3.799154271925661141e-03 7.055740141504200300e-03
1.128865574546574434e-04 9.613863629327446491e-06 2.527030204769254772e-07 3.107480393760094994e-07 -3.083310762082882654e-06 2.727882638622860698e-04 -4.948550459722868408e-04 -1.219207509175712455e-04 5.888908991503588451e-05 9.086035400233395694e-07 -2.329673366809285675e-07 1.027004510913850823e-07 -7.716687380791855365e-04 -2.702416800916082498e-04 2.835271300101750952e-04 -2.610242740187262208e-03 -1.208050679347983476e-03 -8.031232664390447517e-04 -3.346613334988863164e-04 1.019193834381270508e-03 2.305976756556452414e-03 -5.069450591642070056e-03 -7.447917519125157870e-03 1.343811954054395042e-03 3.653795484639416904e-06 6.594681198933503497e-06 -3.853617250916560822e-05 1.488602874046577827e-05 -4.143741580590474589e-05 -4.212866741849242822e-05
1.141509292858374965e-05 1.603010386193572733e-07 4.512666863696608741e-08 -2.706033848704660802e-09 -1.663007210680625070e-07 1.360139880073574464e-04 -1.177328186688726870e-04 4.220058573308791912e-07 9.086035400233395694e-07 5.004049060507171516e-06 -3.039916559510126397e-08 -3.700818071981290725e-08 1.077863039641995067e-03 4.027345616444996223e-05 -3.279329120327433310e-05 3.665916260920754695e-04 9.576465488553055638e-05 9.414999778051163820e-05 3.189219809695838481e-05 1.237339569479162834e-04 -3.429026953790050795e-03 9.429943508594501405e-05 1.970647259943675105e-04 -3.036818220891702655e-04 1.024179012764540163e-06 7.805959009891242513e-07 -2.175229118000662789e-05 7.426345120377225842e-06 -1.999918913512309672e-05 2.254805029198300243e-05
-5.496312784512569707e-07 2.108859497125559056e-08 1.697822042230766716e-08 9.408246425125497931e-10 -2.924473854807645438e-08 -3.202464567258184435e-05 4.545402553286131600e-05 -1.810902280532245760e-06 -2.329673366809285410e-07 -3.039916559510126397e-08 3.037860187807453172e-07 3.730020721916104136e-09 -4.157315506125389831e-04 2.027991913331101976e-05 1.354671868557159951e-04 -2.512611986248942340e-05 6.773791180064828209e-05 -1.099770015932875891e-04 2.145953652881230880e-04 5.865338299110762522e-04 3.344482574651439898e-03 1.727726460922101876e-04 9.073245728502949119e-04 7.167886606466522884e-04 -1.808715335290123162e-06 7.439825833830275791e-07 4.029191948962939574e-06 8.978011582721296343e-07 -1.231403242592582698e-07 -9.424179631596838716e-06
7.723725597925192224e-08 -1.317572196114299457e-07 -6.465132129856050477e-09 9.482169189789435440e-10 -7.687632336954501657e-09 -2.160767735917353710e-05 1.543757047131082672e-05 2.638880675505141037e-05 1.027004510913850426e-07 -3.700818071981290725e-08 3.730020721916104136e-09 3.696985936909253706e-07 9.781001774412073201e-04 -3.140066609744278484e-05 1.975819748881354739e-05 -1.656761272220044605e-04 1.405336823624614884e-04 -8.982328928791756539e-05 3.213321623535751021e-04 5.902261450277375508e-04 9.978604363967383435e-04 3.666442334481735611e-04 -3.759464384001764536e-04 -9.532535299488953569e-04 6.186910433832824234e-07 9.924088890989867820e-07 5.892682397951538094e-06 2.572310066441015973e-06 2.497827011111444843e-06 -2.001857614668264645e-05
4.517957521443713691e-04 -4.966860633600492410e-03 1.531519029073983142e-04 -5.070831056227923829e-05 2.579615469553967378e-04 2.069295235868105765e-01 -5.857355349479935747e-01 1.286751721532194970e-01 -7.716687380791849944e-04 1.077863039641995067e-03 -4.157315506125389831e-04 9.781001774412073201e-04 5.162433738945428985e+01 -6.902807213452291091e-01 -8.725397800366258005e-01 -1.499080589602637958e-01 5.663044934166104882e-01 -9.835874601299814390e-01 -6.856787410820169626e+00 -3.699600769374038123e+01 1.299144038234008214e+01 -8.747697465074539824e-01 -2.421373224117665757e+01 -6.808490719675511116e+01 -2.548599033433743537e-03 1.948848220108955268e-02 -2.583159439367077245e-02 9.026243837539835863e-03 -9.552834487178711934e-03 9.674237836788524350e-03
-3.773793703120063262e-04 1.539391382486306333e-05 2.274550174295520999e-06 3.234204744115601091e-06 1.539205563318009432e-05 5.209929343770377912e-03 2.845119375338108977e-02 8.521646155265258024e-03 -2.702416800916083040e-04 4.027345616444996223e-05 2.027991913331101976e-05 -3.140066609744278484e-05 -6.902807213452287760e-01 7.929112044172262341e-02 4.858212419010448507e-03 1.648022604029354687e-02 -2.152805208090728672e-02 4.893106057557054106e-02 1.583669271807230106e-01 3.550962728281963909e-01 -1.626684226485835272e-01 8.888392375004794399e-01 1.961010853107379104e+00 1.168893609124407984e+00 -2.884339759899471668e-04 -6.745433099507953858e-04 -2.580032565435733723e-03 7.437148067690191051e-05 -9.931969484480644532e-04 1.071196136414281561e-02
-2.408243452494976346e-04 7.901719663282454975e-04 -5.011476230007704701e-05 -3.489272054886764029e-07 -2.131893614915803979e-04 -1.228077959897306976e-01 2.408031887707783314e-01 5.105942843372321405e-02 2.835271300101748241e-04 -3.279329120327436020e-05 1.354671868557159951e-04 1.975819748881353722e-05 -8.725397800366255785e-01 4.858212419010448507e-03 3.562656287592485871e+00 -2.235738384971475590e+00 -4.161444571735743447e-01 1.534688996177054066e-01 2.612059961786319384e+00 3.255704073542498911e+00 -2.243068071511912365e+01 -3.229841251852509032e+00 7.424531751815573344e+00 5.278463688355681249e+00 -3.052522171320920345e-03 -3.983427038363364890e-03 1.252464514258283968e-03 1.325136620811261969e-03 1.606067484934572270e-02 2.290785042735718133e-02
-3.930193075595831906e-03 -3.015521316191243500e-03 -3.822350623401144637e-05 -8.181370063139249997e-05 5.677978405197031935e-04 -3.066560841841493943e-03 3.533515486380681137e-02 -1.731389865390041416e-02 -2.610242740187262208e-03 3.665916260920755779e-04 -2.512611986248945050e-05 -1.656761272220044605e-04 -1.499080589602637958e-01 1.648022604029354687e-02 -2.235738384971475590e+00 5.533587099846316804e+00 -1.117608093787613444e-01 -3.940160872048102947e-01 -1.761933926627635261e+00 -2.197452820452562516e+00 7.009446939254652342e+00 -4.058972155800902648e+00 -1.068960863160091534e+01 -8.681420996262939838e+00 2.345042710989102969e-03 -6.969826440702598692e-05 4.314383335012429883e-03 -2.380221510508187879e-03 7.057264796818248044e-04 -3.815021252365530247e-02
-2.861452789196299463e-03 2.856664694527135317e-04 -1.018042177271333905e-04 -2.681574942469187292e-05 -4.991267372173923078e-05 1.948123342453860624e-02 -1.368898027727678268e-01 4.974021862698232294e-02 -1.208050679347984126e-03 9.576465488553056993e-05 6.773791180064829564e-05 1.405336823624614884e-04 5.663044934166104882e-01 -2.152805208090728672e-02 -4.161444571735744002e-01 -1.117608093787613166e-01 3.218984400522258760e+00 6.436801323083906068e-01 2.176686905921377257e-01 6.785648773751524754e-01 -4.810133755777424192e+00 6.819700606935712450e-01 -9.395818232257066027e-01 -1.370417408098322465e+00 7.711293920145733186e-03 6.539359132322472221e-03 1.358050339049753953e-02 9.144605188541859303e-03 -4.948576068433145105e-03 -5.037775069713885945e-02
-2.030639922641905900e-03 -5.999908424039588793e-05 -4.194658678006839698e-05 -3.604884190285400242e-05 2.507363832968673490e-05 3.234230615131555159e-02 2.496355556176529933e-02 -2.852411900369041312e-02 -8.031232664390447517e-04 9.414999778051163820e-05 -1.099770015932876027e-04 -8.982328928791756539e-05 -9.835874601299814390e-01 4.893106057557054106e-02 1.534688996177054066e-01 -3.940160872048102947e-01 6.436801323083906068e-01 3.148480489436948027e+00 2.443635209273807174e+00 3.155717892247284606e+00 6.562374281955869471e+00 -9.122693133792389997e-01 1.182524446604312995e+00 1.882087319404584180e+00 1.394041310582055026e-03 -3.600015022643803745e-03 8.694999234670269458e-03 -6.285636883887065797e-03 -2.239379339321324294e-04 7.385253505978466027e-02
-1.972050190847554705e-03 -5.316071840535946521e-04 -8.102666574498944361e-05 -6.132289898870543830e-05 -9.319677069469953993e-05 -6.721259377122003331e-02 1.868568273423906190e-01 6.764659135985590099e-02 -3.346613334988863164e-04 3.189219809695838481e-05 2.145953652881230880e-04 3.213321623535751021e-04 -6.856787410820169626e+00 1.583669271807230106e-01 2.612059961786319384e+00 -1.761933926627635261e+00 2.176686905921377257e-01 2.443635209273807174e+00 9.468121505273726868e+00 1.752407136274893773e+01 -5.303545039817318063e+00 4.142687121243485038e+00 7.480981328790909046e+00 9.262040571489164265e+00 9.834549426549453466e-03 -6.953782897164966816e-03 1.192251280002988405e-02 -7.897547236989906419e-03 1.467653734424181552e-02 8.292026081237359458e-02
2.176344364177122139e-04 1.106564942126591136e-03 -2.247252809535584331e-04 -9.508018715746975656e-05 -2.191150345964546127e-04 -2.896997211588818177e-01 5.629761202996401703e-01 -3.458601285844394718e-02 1.019193834381270942e-03 1.237339569479162834e-04 5.865338299110762522e-04 5.902261450277375508e-04 -3.699600769374038123e+01 3.550962728281964464e-01 3.255704073542498911e+00 -2.197452820452562072e+00 6.785648773751524754e-01 3.155717892247284606e+00 1.752407136274893773e+01 5.123006912759181120e+01 -4.335266128116035844e+00 8.243754135386639703e+00 1.881727203833733242e+01 4.503632463943363717e+01 2.598004450471889937e-02 -1.750691407609610006e-02 5.319795107430657505e-02 -1.956857010450319123e-02 3.970975241885133650e-02 7.754830613916260940e-02
-6.616457074691858668e-03 -8.653344380017616647e-03 1.478609000190960615e-03 1.556049861645275985e-05 -3.074024025987432112e-04 -1.493741012847079608e-01 -6.577916487756743091e-01 -7.764351917276169912e-01 2.305976756556452414e-03 -3.429026953790052096e-03 3.344482574651439898e-03 9.978604363967385604e-04 1.299144038234008214e+01 -1.626684226485836104e-01 -2.243068071511912365e+01 7.009446939254652342e+00 -4.810133755777425968e+00 6.562374281955869471e+00 -5.303545039817318063e+00 -4.335266128116035844e+00 6.036445025778244826e+02 5.251577717201195838e+01 -2.489213041307965213e+01 -2.212918464400225815e+01 4.342905430443164128e-02 8.944911220683282246e-03 7.499926811302101703e-02 -9.944290468778763104e-02 -3.399667651811150715e-01 -2.390533428785913128e-01
-8.823528817976860478e-03 -5.325587336185370023e-03 1.126028110167352726e-04 -1.029783128641501439e-04 7.264699697083293545e-04 4.416527240407581711e-01 -6.657114316601320247e-01 3.883170234346822736e-01 -5.069450591642070056e-03 9.429943508594501405e-05 1.727726460922101876e-04 3.666442334481735611e-04 -8.747697465074545375e-01 8.888392375004794399e-01 -3.229841251852509032e+00 -4.058972155800902648e+00 6.819700606935712450e-01 -9.122693133792388887e-01 4.142687121243485038e+00 8.243754135386641479e+00 5.251577717201195838e+01 5.676061205151997768e+01 3.579078587630909425e+01 1.336490577254128809e+01 3.396817638319020796e-03 2.130383462330818177e-03 -5.493481619440507974e-02 1.455520193597629498e-02 -4.099079207308286427e-02 -2.379973319824747399e-02
-1.378190026271525898e-02 2.679870169786054569e-03 1.758513187116028117e-05 2.604672229545353795e-05 7.194658031103524692e-05 -2.089527720512262057e-02 6.111178697360103440e-01 4.352910486161728487e-01 -7.447917519125156136e-03 1.970647259943675647e-04 9.073245728502949119e-04 -3.759464384001763994e-04 -2.421373224117665757e+01 1.961010853107379104e+00 7.424531751815573344e+00 -1.068960863160091534e+01 -9.395818232257066027e-01 1.182524446604312995e+00 7.480981328790909046e+00 1.881727203833733242e+01 -2.489213041307965213e+01 3.579078587630909425e+01 8.988559301485211961e+01 6.634392558987926236e+01 -2.504251302553666195e-02 -2.508870720595279130e-02 -2.491889581947104998e-02 1.720586356234119624e-02 1.672221195696851946e-03 2.955508982353629022e-01
1.404761548595021654e-03 9.146038328704936965e-03 -9.606030209110671264e-05 1.013894541968954815e-04 -7.746458056033492419e-04 -1.086083422916103991e-01 5.124513106705563814e-01 1.094868422638959338e-01 1.343811954054395042e-03 -3.036818220891703739e-04 7.167886606466522884e-04 -9.532535299488953569e-04 -6.808490719675509695e+01 1.168893609124407984e+00 5.278463688355681249e+00 -8.681420996262943390e+00 -1.370417408098322909e+00 1.882087319404584180e+00 9.262040571489164265e+00 4.503632463943363717e+01 -2.212918464400225815e+01 1.336490577254128809e+01 6.634392558987926236e+01 1.223195214119995882e+02 -1.649100305110824324e-02 -2.449230264433419763e-02 4.002090029674616051e-02 1.530800497903649429e-02 -1.102228949980792704e-02 1.603740446347663717e-02
-6.301188731882068567e-06 3.188860698959653626e-06 -1.629427971129304819e-06 -4.271052404972131665e-07 -1.898148259517895344e-06 9.521833162908831336e-04 -2.461324562151766086e-03 -5.399899482223498651e-04 3.653795484639413516e-06 1.024179012764539316e-06 -1.808715335290123162e-06 6.186910433832824234e-07 -2.548599033433742236e-03 -2.884339759899472210e-04 -3.052522171320920345e-03 2.345042710989102969e-03 7.711293920145730584e-03 1.394041310582055677e-03 9.834549426549453466e-03 2.598004450471889937e-02 4.342905430443166209e-02 3.396817638319018628e-03 -2.504251302553665501e-02 -1.649100305110823630e-02 1.227339278366908551e-03 2.818448003681109327e-04 3.037976171551312718e-04 -2.532267844745006631e-04 6.378257804351095898e-05 -1.785868755771799878e-04
1.942926116082246325e-05 -9.982549985310725654e-06 -9.942474725790793558e-07 -1.037006130854001339e-07 1.551232106894042499e-06 9.763008389973145892e-04 -2.334052066969423151e-03 -4.036534143684519511e-04 6.594681198933503497e-06 7.805959009891242513e-07 7.439825833830274732e-07 9.924088890989867820e-07 1.948848220108954921e-02 -6.745433099507951689e-04 -3.983427038363364890e-03 -6.969826440702627153e-05 6.539359132322471353e-03 -3.600015022643802878e-03 -6.953782897164966816e-03 -1.750691407609610006e-02 8.944911220683277042e-03 2.130383462330820779e-03 -2.508870720595279130e-02 -2.449230264433420109e-02 2.818448003681109327e-04 7.335575128967341142e-04 -3.016264698889082078e-05 5.601547628434145124e-04 9.158429943859166167e-05 -1.266324782758149192e-03
-1.254115840443286020e-04 -5.902135909347261828e-06 -3.052982900026205131e-06 -2.977467238080887232e-06 1.022517967143603520e-05 -2.897077887835055113e-03 -6.277907271977436338e-03 -2.408656911123338573e-03 -3.853617250916560822e-05 -2.175229118000662789e-05 4.029191948962938727e-06 5.892682397951538094e-06 -2.583159439367077245e-02 -2.580032565435733723e-03 1.252464514258283968e-03 4.314383335012427281e-03 1.358050339049754474e-02 8.694999234670269458e-03 1.192251280002988231e-02 5.319795107430657505e-02 7.499926811302101703e-02 -5.493481619440507974e-02 -2.491889581947104998e-02 4.002090029674616051e-02 3.037976171551312718e-04 -3.016264698889081062e-05 7.357918685769431442e-03 -5.468015632307429404e-04 1.702071251944122833e-04 1.882551158815229950e-03
5.108586741473259422e-05 -5.455813569905103744e-06 -5.564038310889654649e-07 -8.222062078165230062e-09 2.033241320121977229e-06 -7.150776868287257813e-04 4.819008000101031655e-03 1.213638993388015900e-03 1.488602874046578165e-05 7.426345120377227536e-06 8.978011582721296343e-07 2.572310066441016820e-06 9.026243837539835863e-03 7.437148067690169367e-05 1.325136620811261969e-03 -2.380221510508188747e-03 9.144605188541859303e-03 -6.285636883887064062e-03 -7.897547236989908154e-03 -1.956857010450319470e-02 -9.944290468778761716e-02 1.455520193597629498e-02 1.720586356234119277e-02 1.530800497903649429e-02 -2.532267844745006631e-04 5.601547628434145124e-04 -5.468015632307429404e-04 2.258424912936350844e-03 -4.510073474625137446e-05 -2.456135255117147809e-03
-9.158820797624204070e-05 -3.014439991797772270e-05 -1.191943601071768312e-06 -6.348503957130312768e-07 1.193756753539786613e-05 2.376059501278812648e-04 9.060052716897828290e-03 3.799154271925661141e-03 -4.143741580590473234e-05 -1.999918913512309672e-05 -1.231403242592582698e-07 2.497827011111444843e-06 -9.552834487178711934e-03 -9.931969484480646700e-04 1.606067484934572270e-02 7.057264796818271896e-04 -4.948576068433145105e-03 -2.239379339321329987e-04 1.467653734424181726e-02 3.970975241885135038e-02 -3.399667651811150715e-01 -4.099079207308286427e-02 1.672221195696847176e-03 -1.102228949980792877e-02 6.378257804351095898e-05 9.158429943859168877e-05 1.702071251944122833e-04 -4.510073474625137446e-05 6.964139882104261429e-03 8.707735706340081344e-03
-8.958143029964828424e-05 9.864135023645990335e-05 9.491065571859968206e-06 -3.108093766948633685e-06 1.030337231887612563e-06 6.529013296783776552e-03 1.855681814299895566e-02 7.055740141504200300e-03 -4.212866741849242822e-05 2.254805029198300243e-05 -9.424179631596838716e-06 -2.001857614668264645e-05 9.674237836788526085e-03 1.071196136414281561e-02 2.290785042735718133e-02 -3.815021252365530247e-02 -5.037775069713887333e-02 7.385253505978464639e-02 8.292026081237359458e-02 7.754830613916260940e-02 -2.390533428785913128e-01 -2.379973319824746705e-02 2.955508982353629022e-01 1.603740446347664064e-02 -1.785868755771800420e-04 -1.266324782758149192e-03 1.882551158815229516e-03 -2.456135255117147809e-03 8.707735706340081344e-03 7.869555705591076145e-02
