# logA ns theta_MC_100 ombh2 omch2 w wa beta_DE tau A_planck calib_100T calib_217T A_cib_217 xi_sz_cib A_sz ksz_norm gal545_A_100 gal545_A_143 gal545_A_143_217 gal545_A_217 ps_A_100_100 ps_A_143_143 ps_A_143_217 ps_A_217_217 galf_TE_A_100 galf_TE_A_100_143 galf_TE_A_100_217 galf_TE_A_143 galf_TE_A_143_217 galf_TE_A_217
1.830082352243952396e-04 1.322726275651734864e-05 8.877266284619833295e-07 5.361714402777859360e-07 -5.216532828364716314e-06 -5.882143192175496270e-04 6.666104733556531660e-04 7.540431707036309925e-03 9.459573022606586508e-05 2.182880649395746387e-06 -1.888901674520029357e-08 1.906961444198269589e-08 -3.957416240261541623e-03 5.965498069428436104e-05 -2.997874207239391211e-04 -1.604864738565708491e-03 -6.398160148559022898e-04 -3.234777688161306246e-04 2.952558551012451470e-04 2.761269641570296678e-03 1.740216793733852674e-03 -1.629892541333141914e-03 -1.209798496259919653e-03 4.331264623215690460e-03 6.129043127255776372e-06 -3.321526526290903476e-06 -1.302893598433922481e-05 -1.944084278918385651e-05 -3.763744273013437378e-06 -3.101300936875195212e-05
1.322726275651734864e-05 1.474016825023274067e-05 2.751398387031760565e-07 1.937531167342588468e-07 -2.438168096231795757e-06 -9.195072876898523456e-05 9.105661975392658110e-05 1.790032026714921502e-03 8.340107713695452501e-06 1.775956371865685930e-06 6.230787668859819196e-08 -5.249625582080593616e-08 -4.159432967634089408e-03 1.270426879246771916e-04 8.811990051079436267e-04 -2.415129703871415814e-03 2.866339955626095158e-04 -4.742681485436251202e-04 -5.338831286693737372e-04 1.144800756738523695e-03 -1.867707293666780524e-02 -5.190435628730073400e-03 3.030174687305498601e-03 5.797660484586656011e-03 -2.528470439127757172e-06 -7.369514596881993307e-07 -2.471330336497126061e-07 -6.314032185440955391e-06 -5.182762085526641208e-06 2.970156405728626654e-05
8.877266284619833295e-07 2.751398387031760565e-07 8.769901681794391858e-08 1.115553283383477317e-08 -6.550528126112955409e-08 -7.551996326999334005e-06 1.495516876572814813e-05 7.990796344712529451e-05 4.212463947574145176e-07 5.844093457187510081e-08 2.213465528382347345e-09 2.065033429943316239e-09 -5.070580113588893263e-06 2.046885586673131852e-06 1.943329200285829630e-05 1.833810942022852747e-06 -4.931595224949052952e-06 -1.049715057725240293e-05 9.176962481321015462e-06 1.647968715234939764e-05 -2.360125382900236826e-04 -4.656453160527202005e-05 3.152382029646569149e-05 2.546004671740832677e-05 1.464744646951752733e-07 3.218269852858050223e-08 6.359852753810087392e-07 -4.700578003887315059e-07 -7.635843239160356101e-07 -9.960951503509082420e-07
5.361714402777859360e-07 1.937531167342588468e-07 1.115553283383477317e-08 1.894157009793508133e-08 -6.927532567383452645e-08 -2.711265476963677330e-06 6.079847078590934758e-06 4.782205434467704392e-05 2.623603918221577241e-07 4.451887047127185509e-08 7.288029631535422905e-09 -4.269987586487178357e-10 -7.785280263565771150e-05 2.423225065780302123e-06 1.808867844466824999e-05 -3.887534661293945735e-05 -2.883122436123684221e-06 -1.453392757838803741e-05 -1.875670443230365147e-05 3.894872818232155684e-06 -3.050757119224384024e-04 -1.759817241499101695e-04 -2.276762652268328940e-05 4.541552265921103412e-05 4.012804941102384886e-08 -1.423570659411521312e-07 -7.080079189184841102e-08 -3.453798491993167732e-07 -3.522850736579897066e-07 -8.015518472683855697e-07
-5.216532828364716314e-06 -2.438168096231795757e-06 -6.550528126112955409e-08 -6.927532567383452645e-08 1.000713736852857641e-06 4.056019716027395831e-05 -6.143176783785884857e-05 -7.082980547928479937e-04 -3.007673123987266489e-06 -7.468763008840681924e-07 -3.947404833531972589e-08 -7.892751597452752061e-09 1.563455082326351030e-04 -8.939033301891675690e-06 -7.244811784278772820e-05 1.688003796349257194e-04 -8.604531694535771567e-06 5.487633543411164029e-05 2.321826788566137728e-05 -1.512220411077167686e-04 9.212850756613408937e-04 4.102256987544078068e-04 -7.452577375968270511e-05 -3.077004641558337751e-04 -3.906868828759275623e-08 6.803007021083452308e-07 1.787896999530333769e-06 2.494711433379092864e-06 3.113890829633101683e-06 -1.275020037720577301e-06
-5.882143192175496270e-04 -9.195072876898522101e-05 -7.551996326999332311e-06 -2.711265476963677330e-06 4.056019716027395831e-05 9.097844008272046312e-02 -2.227664107210926281e-01 -4.509884749263649573e-01 -2.754226099172752068e-04 -5.847404912347379884e-05 -1.368858291750020713e-06 5.662034383346292542e-06 3.789366139474470430e-02 1.100886092784243318e-03 1.464505634348284117e-02 1.044970681681780548e-05 -7.609912162950320698e-03 6.502206645064892952e-03 1.627017281585834557e-02 -1.699899216161830998e-02 -2.266464865649544802e-01 -8.799459976924443178e-03 -1.579113593768784185e-02 -9.989854887567073405e-02 4.608907112196813341e-04 -1.240237538775170173e-05 -3.939194831455408892e-04 -1.253871524204717221e-04 -2.288506573336022423e-04 2.719649386359936864e-03
6.666104733556529492e-04 9.105661975392658110e-05 1.495516876572814644e-05 6.079847078590934758e-06 -6.143176783785884857e-05 -2.227664107210926281e-01 9.818051442161416231e-01 -3.845871022188902897e-03 2.917738467329745880e-04 6.967702007954009889e-05 2.573121713086207488e-07 4.475829662834669882e-07 -1.167516409180670428e-01 -1.049275990268260742e-03 -3.376333723898199135e-02 4.789629848368984547e-03 8.349700282846043292e-03 -2.070308339960409694e-02 -1.145692718621687048e-02 1.444735652444482932e-01 2.677484343023318059e-01 3.095723556901558426e-02 9.276973635089484638e-02 2.133248514436653642e-01 -1.041977234224788574e-03 -2.229582367892257483e-04 6.209531690331845195e-04 7.218877327357501629e-04 1.069692991042220853e-03 -1.006025401064251749e-02
7.540431707036311659e-03 1.790032026714921502e-03 7.990796344712529451e-05 4.782205434467705070e-05 -7.082980547928479937e-04 -4.509884749263649573e-01 -3.845871022188880779e-03 8.753143403154155067e+00 3.574027008097555632e-03 1.011473512666253129e-03 9.596485441648005998e-06 -4.874917587924264463e-05 9.135790110419046706e-02 -2.723111729706332099e-03 -1.076968146566894928e-02 -1.873240157018396246e-01 5.854889335594869182e-02 -4.905058725996169072e-02 -2.005649632640626179e-01 -1.134781009127765888e-01 3.256629364507035440e-01 -8.140146450289775792e-02 2.940638039251228242e-01 4.147127141015893304e-01 -4.996016776515730014e-03 -2.141879994253248053e-03 -6.951281000273331831e-03 -2.493142360663898327e-03 -3.292573133264881796e-03 -1.021048126560271385e-02
9.459573022606586508e-05 8.340107713695454195e-06 4.212463947574145176e-07 2.623603918221577241e-07 -3.007673123987266913e-06 -2.754226099172752068e-04 2.917738467329746965e-04 3.574027008097555632e-03 5.384058805671232661e-05 -2.808329047136518721e-06 -4.084947881277698690e-08 4.010142330137700475e-08 -1.762545031707884926e-03 3.702045088542224116e-05 -1.893365685252261824e-04 -6.941777447318069625e-04 -1.972597345319065747e-04 2.021363164217025713e-05 2.659829647409473418e-04 7.297668095771063816e-04 4.654017455008225852e-04 -1.179270717649182109e-03 -1.300463165773327974e-03 -5.206312519067655715e-05 4.045338683354969352e-06 -1.260371798726751741e-06 -9.266325559030560714e-06 -6.979016486117868333e-06 -6.070542351809367662e-06 -7.973349346665607412e-06
2.182880649395746387e-06 1.775956371865685930e-06 5.844093457187510081e-08 4.451887047127185509e-08 -7.468763008840681924e-07 -5.847404912347379884e-05 6.967702007954009889e-05 1.011473512666252912e-03 -2.808329047136518721e-06 4.922243264972797320e-06 -4.366957867031749853e-09 -2.430893254653647599e-08 4.251943292229760788e-04 -2.478408971358743838e-05 1.218628397579296771e-04 4.110422485669494797e-05 4.966096537820687402e-05 2.974446898232093985e-05 8.388333361778627930e-05 8.595813060624252905e-04 1.881295816715032035e-03 -3.341310355106655918e-05 -6.582061957777403122e-05 1.127888111304165171e-03 -1.237498520424105732e-06 -1.146289442134889537e-06 3.487010350782197115e-06 -4.937674429635368369e-06 1.999900476899516526e-06 8.565211662355016197e-07
-1.888901674520029357e-08 6.230787668859819196e-08 2.213465528382347345e-09 7.288029631535422905e-09 -3.947404833531972589e-08 -1.368858291750020713e-06 2.573121713086220723e-07 9.596485441647999222e-06 -4.084947881277699352e-08 -4.366957867031749853e-09 4.003753711125343416e-07 -2.949975750498693617e-09 -2.976402841664647762e-04 5.055789093901891965e-06 1.281216827552581752e-04 -1.058436034101307906e-04 2.249676818646476062e-04 -2.093462534679303038e-04 -6.108633777063072394e-05 6.947318294190454890e-05 3.443598215851278663e-03 -3.810921226843666428e-05 4.322868980094083584e-04 5.556071851925394262e-04 1.664593632432676921e-07 1.040566556205064255e-08 -6.172341781641647166e-07 2.240777579310114416e-07 -1.246251304023453281e-06 -9.060688935306725149e-07
1.906961444198269589e-08 -5.249625582080593616e-08 2.065033429943316239e-09 -4.269987586487178357e-10 -7.892751597452752061e-09 5.662034383346293389e-06 4.475829662834702704e-07 -4.874917587924263785e-05 4.010142330137700475e-08 -2.430893254653647599e-08 -2.949975750498693617e-09 3.974788822111930580e-07 7.476888304168074085e-04 2.590445471288496134e-06 -2.880815250663204755e-05 -1.542823716272869044e-05 -2.375500635330388838e-05 -5.579451221269898754e-05 4.419154602672439956e-04 9.459399653040644626e-04 7.035436232558016194e-04 1.525841853974774145e-04 -2.877865472013373550e-04 -1.366876136692077087e-03 3.539102637812693342e-07 1.112445944287868425e-07 8.660310190206662048e-09 8.507882711096923401e-07 -2.443741576388683557e-07 -2.645703771849014741e-06
-3.957416240261541623e-03 -4.159432967634089408e-03 -5.070580113588898345e-06 -7.785280263565771150e-05 1.563455082326351030e-04 3.789366139474472511e-02 -1.167516409180670428e-01 9.135790110419031440e-02 -1.762545031707884492e-03 4.251943292229759161e-04 -2.976402841664647762e-04 7.476888304168074085e-04 4.294628300705301882e+01 -3.324152796747858463e-01 -4.342252300559468758e-01 -2.787619545802723642e-01 -1.431028728329375999e-01 5.685949393503314520e-01 -5.087490540285966034e+00 -3.142304994692858955e+01 3.242839478282809296e+01 2.154863252973404197e+00 -1.100524456278118102e+01 -5.282293168648365622e+01 -2.634522622521925320e-03 4.399573796665042467e-03 1.312442524191969164e-03 3.233867457405131211e-03 -5.013392271720902051e-03 3.231096669658715254e-02
5.965498069428434749e-05 1.270426879246771916e-04 2.046885586673132699e-06 2.423225065780302546e-06 -8.939033301891675690e-06 1.100886092784243535e-03 -1.049275990268259658e-03 -2.723111729706332099e-03 3.702045088542223439e-05 -2.478408971358743838e-05 5.055789093901893659e-06 2.590445471288496134e-06 -3.324152796747858463e-01 8.131948529225041522e-02 -4.522278195424820485e-02 2.788464679270359625e-02 2.420769320060141717e-03 6.789947078703711253e-03 9.933830111149727360e-02 8.837449501988650646e-02 -7.374897951290677600e-01 9.092934450195624407e-01 1.673816388193564597e+00 5.623491451583523260e-01 2.270147808877153729e-06 -2.109137715518084909e-04 -5.221036591435404203e-04 -4.982324795914330100e-04 -1.283801481015048969e-04 -2.327572690641047798e-03
-2.997874207239390669e-04 8.811990051079436267e-04 1.943329200285829630e-05 1.808867844466824660e-05 -7.244811784278774175e-05 1.464505634348283597e-02 -3.376333723898199829e-02 -1.076968146566895448e-02 -1.893365685252262638e-04 1.218628397579296500e-04 1.281216827552581752e-04 -2.880815250663205094e-05 -4.342252300559468758e-01 -4.522278195424820485e-02 3.917603888017314517e+00 -2.765951729119646707e+00 -1.575923862882920579e-01 1.544215989020919777e-01 2.636235413967094043e+00 3.096287493025468240e+00 -3.003241369679384221e+01 -3.492256806817405135e+00 7.542867596706329003e+00 4.871054221983015964e+00 8.544920343118845955e-04 -3.529056767628395994e-04 1.326744981452838198e-03 -1.091484315715040470e-03 -4.129560922185835509e-03 9.032172311140253956e-03
-1.604864738565708925e-03 -2.415129703871415814e-03 1.833810942022850206e-06 -3.887534661293945057e-05 1.688003796349257194e-04 1.044970681681916751e-05 4.789629848369009700e-03 -1.873240157018396246e-01 -6.941777447318069625e-04 4.110422485669494797e-05 -1.058436034101308177e-04 -1.542823716272869383e-05 -2.787619545802723087e-01 2.788464679270359625e-02 -2.765951729119646707e+00 5.799554772686843052e+00 1.050384342133638994e-02 -2.205946480399935683e-01 -2.115204141061651999e+00 -2.289308064709171475e+00 1.242397655284413105e+01 -4.517739892203535668e+00 -1.206073191440303560e+01 -8.997664294624032166e+00 1.228415003213714622e-04 -1.320995413718955734e-03 1.393153819827135705e-03 -1.482444752030234823e-04 -1.694225562743275314e-03 -3.184860714755983341e-02
-6.398160148559022898e-04 2.866339955626095158e-04 -4.931595224949048717e-06 -2.883122436123684645e-06 -8.604531694535763096e-06 -7.609912162950318096e-03 8.349700282846048496e-03 5.854889335594869182e-02 -1.972597345319066831e-04 4.966096537820688758e-05 2.249676818646476062e-04 -2.375500635330389854e-05 -1.431028728329376554e-01 2.420769320060140849e-03 -1.575923862882920579e-01 1.050384342133638647e-02 3.450401588607628689e+00 5.066620522339915222e-01 2.057070385858951744e-01 3.495791668746591752e-01 -6.601038455078461098e+00 4.685533879156817544e-02 -1.853336637020873146e-01 5.138337076482116239e-02 -1.505240382929365871e-03 9.390905053559869386e-04 -5.505588297556148619e-03 -1.773133324264364091e-04 -4.729314146433395878e-03 -1.284218064418817841e-02
-3.234777688161306246e-04 -4.742681485436251202e-04 -1.049715057725240293e-05 -1.453392757838803741e-05 5.487633543411164029e-05 6.502206645064892085e-03 -2.070308339960410041e-02 -4.905058725996171154e-02 2.021363164217028762e-05 2.974446898232093307e-05 -2.093462534679303038e-04 -5.579451221269897399e-05 5.685949393503314520e-01 6.789947078703715590e-03 1.544215989020919777e-01 -2.205946480399935683e-01 5.066620522339915222e-01 3.121264361148207378e+00 2.661269865547362112e+00 2.581788504450981403e+00 4.844734245402227302e+00 -1.022992559495187415e+00 -6.396687561325735683e-01 -1.048551521820292098e+00 -5.505495720407845364e-04 -2.007660530810845669e-04 -4.142304699240364693e-03 -4.716964523098335946e-04 1.273964098908685755e-03 7.581599329487473393e-03
2.952558551012451470e-04 -5.338831286693737372e-04 9.176962481321020545e-06 -1.875670443230365147e-05 2.321826788566137050e-05 1.627017281585834557e-02 -1.145692718621687048e-02 -2.005649632640626734e-01 2.659829647409475044e-04 8.388333361778626575e-05 -6.108633777063072394e-05 4.419154602672439956e-04 -5.087490540285966034e+00 9.933830111149727360e-02 2.636235413967094043e+00 -2.115204141061651999e+00 2.057070385858952022e-01 2.661269865547362112e+00 1.069269910905971699e+01 1.863847546794873722e+01 -1.281340472805303321e+01 3.310560598834309864e+00 4.678115270150855487e+00 4.871099077538756816e+00 -1.224481015193452753e-03 -8.068716013069897894e-04 -6.167115784709151748e-03 7.829440834893516528e-04 1.474670872507859339e-03 1.761237528023966090e-02
2.761269641570296678e-03 1.144800756738523695e-03 1.647968715234939764e-05 3.894872818232155684e-06 -1.512220411077167686e-04 -1.699899216161829610e-02 1.444735652444483487e-01 -1.134781009127766721e-01 7.297668095771063816e-04 8.595813060624252905e-04 6.947318294190456245e-05 9.459399653040644626e-04 -3.142304994692858955e+01 8.837449501988652034e-02 3.096287493025468684e+00 -2.289308064709171031e+00 3.495791668746591752e-01 2.581788504450981403e+00 1.863847546794873722e+01 5.148019220580113142e+01 -2.378756409235208835e+01 3.371749111912722530e+00 6.596350656816099445e+00 3.147640823264522680e+01 -1.430423491897435439e-03 -3.789222252447486169e-03 -1.810335512723374330e-03 4.873396992282693838e-03 7.805027210040761665e-03 7.818700831263568005e-03
1.740216793733853325e-03 -1.867707293666780524e-02 -2.360125382900236826e-04 -3.050757119224384024e-04 9.212850756613408937e-04 -2.266464865649544802e-01 2.677484343023319169e-01 3.256629364507026558e-01 4.654017455008220431e-04 1.881295816715032035e-03 3.443598215851278663e-03 7.035436232558016194e-04 3.242839478282809296e+01 -7.374897951290676490e-01 -3.003241369679384221e+01 1.242397655284413105e+01 -6.601038455078461098e+00 4.844734245402227302e+00 -1.281340472805303321e+01 -2.378756409235208835e+01 7.694874497404731528e+02 6.845033538988131738e+01 -5.702291346952526396e+01 -5.525460044745737065e+01 2.224960231940741745e-02 5.156713462649543944e-03 2.861478278393591451e-02 2.569499736606958851e-02 3.665552680352955617e-02 1.777349663311673378e-01
-1.629892541333141914e-03 -5.190435628730073400e-03 -4.656453160527201327e-05 -1.759817241499101695e-04 4.102256987544078068e-04 -8.799459976924451851e-03 3.095723556901562590e-02 -8.140146450289802160e-02 -1.179270717649182109e-03 -3.341310355106647109e-05 -3.810921226843667106e-05 1.525841853974774145e-04 2.154863252973403753e+00 9.092934450195624407e-01 -3.492256806817405135e+00 -4.517739892203535668e+00 4.685533879156812687e-02 -1.022992559495187193e+00 3.310560598834309864e+00 3.371749111912722530e+00 6.845033538988131738e+01 5.882096935908683122e+01 3.809635562302218403e+01 1.319955366921908002e+01 2.045866275781977901e-03 2.035556780412622110e-03 1.410459323466087007e-03 3.099142521669076469e-03 1.129772511142640087e-02 5.391284014487388726e-02
-1.209798496259919653e-03 3.030174687305499468e-03 3.152382029646569149e-05 -2.276762652268328940e-05 -7.452577375968269155e-05 -1.579113593768784185e-02 9.276973635089488801e-02 2.940638039251226021e-01 -1.300463165773327974e-03 -6.582061957777408543e-05 4.322868980094082499e-04 -2.877865472013373550e-04 -1.100524456278118102e+01 1.673816388193564597e+00 7.542867596706329003e+00 -1.206073191440303560e+01 -1.853336637020872035e-01 -6.396687561325735683e-01 4.678115270150855487e+00 6.596350656816099445e+00 -5.702291346952526396e+01 3.809635562302218403e+01 8.337517021578440790e+01 4.959537826999417121e+01 4.813281623133849191e-03 -2.220676471791975266e-03 -2.392383959999357882e-03 -9.323598174456366669e-03 1.017921329742122930e-04 -7.960669336875888374e-03
4.331264623215690460e-03 5.797660484586656011e-03 2.546004671740831321e-05 4.541552265921102734e-05 -3.077004641558337751e-04 -9.989854887567073405e-02 2.133248514436653642e-01 4.147127141015891638e-01 -5.206312519067655715e-05 1.127888111304165171e-03 5.556071851925394262e-04 -1.366876136692077087e-03 -5.282293168648365622e+01 5.623491451583523260e-01 4.871054221983015964e+00 -8.997664294624032166e+00 5.138337076482105831e-02 -1.048551521820291876e+00 4.871099077538756816e+00 3.147640823264522680e+01 -5.525460044745737065e+01 1.319955366921908357e+01 4.959537826999417121e+01 9.957561053372573667e+01 6.461317425284203095e-03 -3.353065107409460791e-03 7.357843506632051611e-03 -9.065225418608024652e-03 1.257706878801952491e-02 1.026411378826179270e-02
6.129043127255776372e-06 -2.528470439127757595e-06 1.464744646951752733e-07 4.012804941102382900e-08 -3.906868828759308710e-08 4.608907112196813341e-04 -1.041977234224788357e-03 -4.996016776515730881e-03 4.045338683354969352e-06 -1.237498520424105520e-06 1.664593632432677980e-07 3.539102637812693342e-07 -2.634522622521926188e-03 2.270147808877110953e-06 8.544920343118851376e-04 1.228415003213715977e-04 -1.505240382929366088e-03 -5.505495720407844280e-04 -1.224481015193452753e-03 -1.430423491897435439e-03 2.224960231940741745e-02 2.045866275781978334e-03 4.813281623133849191e-03 6.461317425284202227e-03 1.479890781623838768e-03 2.476470826821110856e-04 1.749902290469558031e-04 -4.017907742537135652e-04 -1.084435932716087654e-04 1.236972738595479727e-04
-3.321526526290903476e-06 -7.369514596881990131e-07 3.218269852858056840e-08 -1.423570659411521577e-07 6.803007021083454426e-07 -1.240237538775174409e-05 -2.229582367892260194e-04 -2.141879994253247620e-03 -1.260371798726752376e-06 -1.146289442134889961e-06 1.040566556205065248e-08 1.112445944287868690e-07 4.399573796665042467e-03 -2.109137715518084909e-04 -3.529056767628396536e-04 -1.320995413718955734e-03 9.390905053559872638e-04 -2.007660530810844856e-04 -8.068716013069895726e-04 -3.789222252447486169e-03 5.156713462649543077e-03 2.035556780412621676e-03 -2.220676471791975266e-03 -3.353065107409457322e-03 2.476470826821110856e-04 8.224323400703224905e-04 2.914614122282462486e-05 7.135784329333300048e-04 9.613656437496314775e-05 -4.551146127180253037e-04
-1.302893598433922990e-05 -2.471330336497132414e-07 6.359852753810087392e-07 -7.080079189184842425e-08 1.787896999530334192e-06 -3.939194831455409976e-04 6.209531690331846279e-04 -6.951281000273331831e-03 -9.266325559030560714e-06 3.487010350782197539e-06 -6.172341781641645048e-07 8.660310190206746420e-09 1.312442524191969814e-03 -5.221036591435403119e-04 1.326744981452837764e-03 1.393153819827135705e-03 -5.505588297556148619e-03 -4.142304699240363826e-03 -6.167115784709151748e-03 -1.810335512723372162e-03 2.861478278393591451e-02 1.410459323466087007e-03 -2.392383959999362653e-03 7.357843506632053346e-03 1.749902290469558031e-04 2.914614122282461808e-05 7.036978891864104427e-03 -2.816525739676755454e-04 6.099839527193665371e-04 5.056785718307177033e-03
-1.944084278918385651e-05 -6.314032185440954544e-06 -4.700578003887315059e-07 -3.453798491993167732e-07 2.494711433379092441e-06 -1.253871524204717221e-04 7.218877327357503797e-04 -2.493142360663899194e-03 -6.979016486117868333e-06 -4.937674429635368369e-06 2.240777579310114152e-07 8.507882711096923401e-07 3.233867457405131211e-03 -4.982324795914330100e-04 -1.091484315715040903e-03 -1.482444752030237533e-04 -1.773133324264360296e-04 -4.716964523098327814e-04 7.829440834893514360e-04 4.873396992282693838e-03 2.569499736606958157e-02 3.099142521669076469e-03 -9.323598174456361465e-03 -9.065225418608021182e-03 -4.017907742537135652e-04 7.135784329333300048e-04 -2.816525739676755454e-04 2.757333985750836259e-03 5.408820283719164863e-04 -8.974231710075071490e-04
-3.763744273013437378e-06 -5.182762085526641208e-06 -7.635843239160356101e-07 -3.522850736579898125e-07 3.113890829633101683e-06 -2.288506573336023507e-04 1.069692991042221503e-03 -3.292573133264881796e-03 -6.070542351809367662e-06 1.999900476899516102e-06 -1.246251304023453281e-06 -2.443741576388683557e-07 -5.013392271720902051e-03 -1.283801481015050053e-04 -4.129560922185835509e-03 -1.694225562743274446e-03 -4.729314146433395878e-03 1.273964098908685972e-03 1.474670872507859989e-03 7.805027210040760798e-03 3.665552680352956311e-02 1.129772511142640087e-02 1.017921329742126318e-04 1.257706878801952491e-02 -1.084435932716088061e-04 9.613656437496314775e-05 6.099839527193665371e-04 5.408820283719164863e-04 6.387708569884908982e-03 7.403796223857938077e-03
-3.101300936875192501e-05 2.970156405728626315e-05 -9.960951503509084537e-07 -8.015518472683855697e-07 -1.275020037720578995e-06 2.719649386359936430e-03 -1.006025401064251402e-02 -1.021048126560271559e-02 -7.973349346665602330e-06 8.565211662355022550e-07 -9.060688935306732561e-07 -2.645703771849014741e-06 3.231096669658715947e-02 -2.327572690641047798e-03 9.032172311140253956e-03 -3.184860714755983341e-02 -1.284218064418818014e-02 7.581599329487473393e-03 1.761237528023966437e-02 7.818700831263564535e-03 1.777349663311673378e-01 5.391284014487390114e-02 -7.960669336875888374e-03 1.026411378826179270e-02 1.236972738595478914e-04 -4.551146127180253037e-04 5.056785718307177033e-03 -8.974231710075069321e-04 7.403796223857939812e-03 7.366816841357348711e-02
