# logA ns theta_MC_100 ombh2 omch2 w wa beta_DE tau A_planck calib_100T calib_217T A_cib_217 xi_sz_cib A_sz ksz_norm gal545_A_100 gal545_A_143 gal545_A_143_217 gal545_A_217 ps_A_100_100 ps_A_143_143 ps_A_143_217 ps_A_217_217 galf_TE_A_100 galf_TE_A_100_143 galf_TE_A_100_217 galf_TE_A_143 galf_TE_A_143_217 galf_TE_A_217
1.884093186535742894e-04 1.510611821428103991e-05 8.008166486918724565e-07 5.130410450590148227e-07 -5.908027394364753636e-06 -3.420200992526249803e-05 -8.828567501696167521e-04 1.186266518581371304e-02 9.792060444849782987e-05 2.956930748850656722e-06 2.480623883243977429e-08 -5.518605216772201827e-08 -6.946990366791628646e-04 -1.210402987616226020e-05 8.792277649283582880e-04 -1.198031743942442381e-03 -4.399285526335745019e-04 -2.861471132384429787e-04 -3.605156986861935905e-04 5.895173936298475490e-05 -5.795879966446022477e-03 -5.176781516111595392e-03 -1.175100829902441793e-03 -1.263732964045780971e-03 -5.550765519833416295e-06 -3.704166402354452404e-07 7.427270626750469480e-06 -5.367989254044013825e-06 -1.941311915177193354e-05 -1.255058098211496854e-04
1.510611821428103991e-05 1.481264524995636244e-05 2.778167721555837254e-07 1.644590164419774597e-07 -2.426075391183369226e-06 -3.164821598431977869e-06 -1.141983775526235847e-04 2.514934961297981674e-03 9.568325705141233329e-06 1.631095930837348814e-06 -9.215326692765448630e-08 -1.285134074612817566e-07 -4.539922562741328417e-03 1.031287908228547986e-04 8.964222775774776221e-04 -1.883149452450363177e-03 2.197844416855659921e-04 -3.650309114543199163e-04 -4.355111797638368709e-04 1.543440049053235088e-03 -2.256028619035077218e-02 -6.258519860031707890e-03 1.603142360915278458e-03 4.994027834844642043e-03 3.333979892455374315e-06 1.379857453785648094e-06 -3.027788782120176411e-06 -2.783991161279483563e-06 -5.570122824765361857e-07 -3.289434384789998925e-05
8.008166486918724565e-07 2.778167721555837254e-07 8.624788523814756038e-08 1.275748846228196024e-08 -7.579129631255414696e-08 -6.430851307089431637e-07 -4.837728324213466819e-06 1.274529706948394079e-04 3.757214355548113942e-07 6.762022235264009573e-08 3.962513459877710348e-09 3.655192614395658366e-09 -9.711142864015331856e-06 -4.471569881853476118e-07 9.215296314287196329e-06 -3.686096859009141068e-06 -1.882564675855380730e-05 -6.564312580261827503e-06 -1.378768899373490900e-05 1.568185280900393157e-07 4.967721331892687299e-05 -6.479229698879745882e-05 -6.400145033010922617e-06 2.401907579648144845e-05 1.781715105049328420e-07 -5.972924206777936078e-08 2.067826857691181468e-07 -2.204535871528874161e-07 2.794807989848211151e-07 -6.993688990740230280e-07
5.130410450590148227e-07 1.644590164419774597e-07 1.275748846228196024e-08 1.849360771258521128e-08 -6.437346014934314950e-08 -1.393942438609312413e-07 -3.012636927291182801e-06 7.559634422702333611e-05 2.545918988767668823e-07 3.617175860341981650e-08 4.366070797819189027e-09 -7.296724685583734628e-10 -6.766417220928045383e-05 1.059964351672508350e-06 1.747674688242449175e-05 -2.735767859083291489e-05 -9.420475429899887349e-07 -9.516987295253045875e-06 -1.596149287564825557e-05 6.012647845780567604e-06 -2.784054424495466880e-04 -1.963996366239765591e-04 -4.989299391642725213e-05 2.084980088683132036e-05 2.078640423206851331e-08 3.337141000234921925e-08 3.742581217206267306e-08 -1.383264903456437002e-07 -6.861503370102570840e-07 -2.020099255658436708e-06
-5.908027394364753636e-06 -2.426075391183369226e-06 -7.579129631255414696e-08 -6.437346014934314950e-08 1.021334641977670893e-06 2.340011203998886602e-06 3.092563643419099219e-05 -9.339372158698224782e-04 -3.392647354794918788e-06 -7.492655782039738305e-07 -2.721443222976477019e-09 1.654687149774388765e-08 9.112337985099396292e-05 1.678497898939229625e-06 -6.802722544448478088e-05 9.671049005825860874e-05 4.018290975832006696e-06 -1.308598272708789689e-05 6.936712798166603817e-05 -3.492663512507970976e-05 6.773013787130560855e-04 6.860387877009846598e-04 2.373987687875011817e-04 -1.052116178326374874e-04 2.782713251668079107e-08 2.253508604186704516e-07 7.297122526945728970e-07 1.800532353591934472e-06 1.534387308130729575e-06 1.369006407545354022e-05
-3.420200992526249803e-05 -3.164821598431977869e-06 -6.430851307089431637e-07 -1.393942438609312413e-07 2.340011203998886602e-06 6.158636060357458933e-03 -4.808251523421627066e-02 8.521593595817739120e-02 -1.463344507055537553e-05 -6.743333200021736169e-06 9.981827103112212583e-08 9.918775544337325443e-08 -1.052758707898399614e-02 -5.301846537112524791e-05 1.308307093082189182e-03 -2.151229507490936589e-03 2.796314808800378065e-03 -1.748708206118402154e-03 -7.663028515786742857e-04 2.515736798314919566e-03 -2.141512329294608871e-02 -7.478200642369390271e-03 3.145382964428578183e-03 1.246179016175944475e-02 -2.367085635124816496e-05 1.067940417109271429e-05 -5.808614994500574505e-05 3.046789327279990771e-05 -2.641248381058772344e-05 -2.035540031501932373e-05
-8.828567501696167521e-04 -1.141983775526235847e-04 -4.837728324213467666e-06 -3.012636927291183648e-06 3.092563643419097864e-05 -4.808251523421627066e-02 6.133611093568895889e-01 -1.959385848160161370e+00 -3.955540560705902834e-04 -6.346491872144484131e-05 -2.344904953173773316e-06 5.511433076025818829e-06 9.685727948462717618e-02 -3.692458831260269844e-04 -2.308183076378111584e-02 3.958412379648309359e-02 -1.078804971862511349e-02 1.469159223458404127e-02 -5.534845056071789615e-03 -5.242876596759380586e-02 1.388001668624514739e-01 4.187474338630446657e-02 -8.194101009025116233e-02 -1.337585079166376534e-01 -3.445849143343213019e-04 3.185590173520717351e-05 -7.015280235154070518e-04 4.058891152505130070e-04 1.087666985351403977e-04 5.275701151281419294e-04
1.186266518581371304e-02 2.514934961297981674e-03 1.274529706948394079e-04 7.559634422702333611e-05 -9.339372158698224782e-04 8.521593595817739120e-02 -1.959385848160161370e+00 1.093163187246223877e+01 5.643530408706700328e-03 1.296730698984671420e-03 1.681463562274513717e-05 -2.489898706865578568e-05 -2.593732431606086686e-01 -4.994332110696286103e-03 1.960435511073634063e-01 -3.456903420279768824e-01 -6.630113658878954153e-02 -4.913729063378848710e-02 3.050580714115036507e-02 4.357149740174748875e-01 -5.328949593320488898e-01 -5.624283647928174368e-01 3.418364823701500188e-01 5.710398705502859329e-01 3.281977325596696464e-03 -7.578679651635427967e-04 4.817231444113066578e-03 -2.357894342075211608e-03 -3.939293229992528456e-03 -2.208093399261949405e-02
9.792060444849782987e-05 9.568325705141233329e-06 3.757214355548113942e-07 2.545918988767669353e-07 -3.392647354794918788e-06 -1.463344507055537214e-05 -3.955540560705902834e-04 5.643530408706700328e-03 5.598397280289093116e-05 -2.544630806862631378e-06 -2.234607612147280451e-08 -4.932877114628488723e-08 -7.198138438456570072e-04 -1.793306519374842278e-05 5.157275531117376218e-04 -5.127429431267333448e-04 -1.494893607947461755e-04 -5.398391911368962472e-05 -4.561291194739297691e-05 -2.706522484167960007e-04 -4.903929474849094521e-03 -3.703062284885472004e-03 -1.655164972727810177e-03 -2.178090242566598032e-03 -3.064804443450012926e-06 -1.142037141986506696e-07 5.400500907489047402e-06 -4.333928070794418322e-06 -7.702843938188088012e-06 -6.884649215918764214e-05
2.956930748850656722e-06 1.631095930837348814e-06 6.762022235264009573e-08 3.617175860341981650e-08 -7.492655782039738305e-07 -6.743333200021736169e-06 -6.346491872144484131e-05 1.296730698984671420e-03 -2.544630806862631378e-06 5.057740013757910754e-06 -5.307567784530805519e-08 -5.907835425316829128e-09 1.039740857492397769e-03 -1.043344706841184350e-05 -2.506832922074818154e-05 2.023109673940654408e-04 6.403210875883012061e-05 1.809542181555813436e-04 -4.823824852861304000e-06 3.486198613547334063e-04 2.903609158510914168e-03 2.061627863541261243e-04 -2.213350781987720233e-04 1.094132112040618394e-04 2.304693371746765394e-08 -6.092616580594215549e-07 -2.312603944987836090e-06 -5.792757052691482862e-07 -1.366362052848165794e-06 -8.242333195083120274e-06
2.480623883243977429e-08 -9.215326692765448630e-08 3.962513459877710348e-09 4.366070797819189027e-09 -2.721443222976477019e-09 9.981827103112212583e-08 -2.344904953173773740e-06 1.681463562274513717e-05 -2.234607612147278796e-08 -5.307567784530805519e-08 3.844567327717348881e-07 -1.210298863004577793e-09 -1.707536430866346132e-04 2.243415590325563040e-06 1.244416743388042346e-04 -9.881857404926503374e-05 1.734017526781728559e-04 -1.970913536992063039e-04 -3.577201087240389107e-05 3.910635220837641122e-05 3.943582609716397326e-03 4.547434931303586568e-05 4.098095837489818980e-04 3.924139704886040153e-04 -5.042294488405165826e-07 -6.647764069287408822e-08 3.408759774140195771e-07 5.502192960348857403e-07 -1.011160841600674993e-06 -2.138342912384698804e-06
-5.518605216772201827e-08 -1.285134074612817566e-07 3.655192614395658366e-09 -7.296724685583734628e-10 1.654687149774388765e-08 9.918775544337320149e-08 5.511433076025819676e-06 -2.489898706865579584e-05 -4.932877114628490046e-08 -5.907835425316829128e-09 -1.210298863004577793e-09 3.887004085339372016e-07 6.938549235222466740e-04 -2.737876966839367043e-06 -3.121978864816706960e-05 2.860718321442708140e-05 -1.501051093734107632e-05 -4.099849319774477271e-05 4.111131813895249881e-04 9.305401258516144943e-04 4.079894936680292933e-04 2.897998486219326145e-05 -4.367306649586127237e-04 -1.371665292151521285e-03 -1.317055404865678333e-07 -7.567801123986787018e-08 2.609682978656362822e-07 4.362978135427859821e-09 -1.140546716054644535e-07 4.976784588481053026e-07
-6.946990366791627562e-04 -4.539922562741328417e-03 -9.711142864015323385e-06 -6.766417220928045383e-05 9.112337985099396292e-05 -1.052758707898399614e-02 9.685727948462717618e-02 -2.593732431606086131e-01 -7.198138438456570072e-04 1.039740857492397769e-03 -1.707536430866345861e-04 6.938549235222466740e-04 4.449075043374180893e+01 -4.469658884704065249e-01 -7.816755971498247080e-01 -2.916327505583854451e-01 3.669566262726231543e-01 6.679237504156464444e-01 -5.817369130504649100e+00 -3.323856617528753787e+01 3.439445104336347470e+01 9.023979354240034834e-01 -1.391840056382091362e+01 -5.470586261540223916e+01 -6.215627331127539061e-03 -2.063634279723639605e-03 -4.947640597508499603e-04 -7.273687945328476123e-03 1.448401171111499304e-03 8.648048162159715970e-04
-1.210402987616227036e-05 1.031287908228547986e-04 -4.471569881853472942e-07 1.059964351672508350e-06 1.678497898939229837e-06 -5.301846537112528179e-05 -3.692458831260276892e-04 -4.994332110696284369e-03 -1.793306519374842617e-05 -1.043344706841184011e-05 2.243415590325563040e-06 -2.737876966839367466e-06 -4.469658884704066915e-01 8.263326518642055696e-02 -4.717799180520709790e-02 4.813246816967241271e-02 5.124252454651609043e-03 1.856508767023406017e-02 1.193916649840498639e-01 1.821277758455616957e-01 -6.654944462815701733e-01 9.518375478918095212e-01 1.730587676709977041e+00 7.049661254745135386e-01 1.992988035558620563e-04 -4.420147103887579098e-05 2.234475494955246474e-04 -7.611624795467725863e-05 4.259902384015628197e-04 6.930496854578924301e-04
8.792277649283582880e-04 8.964222775774776221e-04 9.215296314287194635e-06 1.747674688242449514e-05 -6.802722544448478088e-05 1.308307093082189615e-03 -2.308183076378111584e-02 1.960435511073634063e-01 5.157275531117376218e-04 -2.506832922074818832e-05 1.244416743388042346e-04 -3.121978864816706283e-05 -7.816755971498247080e-01 -4.717799180520710484e-02 3.779324838089959560e+00 -2.626185609217607020e+00 -2.142425713981270519e-01 6.153879786261887835e-02 2.517971344066381789e+00 3.118936295815404769e+00 -2.968911622494571034e+01 -3.271472886987564443e+00 7.356601242834337917e+00 5.077454656383043385e+00 -1.242386126374632364e-05 8.351665449553262325e-04 5.029272362256095126e-04 9.329105440125898697e-04 -3.503583973134316402e-03 -2.979712472740508010e-03
-1.198031743942442381e-03 -1.883149452450363177e-03 -3.686096859009143185e-06 -2.735767859083291489e-05 9.671049005825856808e-05 -2.151229507490937023e-03 3.958412379648308665e-02 -3.456903420279767158e-01 -5.127429431267333448e-04 2.023109673940654408e-04 -9.881857404926503374e-05 2.860718321442708140e-05 -2.916327505583853896e-01 4.813246816967241271e-02 -2.626185609217607020e+00 5.609385253838420127e+00 1.219817309841852715e-01 -1.442988674551484163e-01 -1.933894659016124784e+00 -2.046047140589562829e+00 1.313736945320946603e+01 -4.861124370699697828e+00 -1.148463336793150091e+01 -8.707809127992771181e+00 -9.663418003642874421e-04 -1.799101930695416133e-03 1.384000152369613918e-03 -7.205543628797939082e-04 2.373318270262701236e-03 -7.253919436684849037e-03
-4.399285526335745019e-04 2.197844416855659921e-04 -1.882564675855380730e-05 -9.420475429899890525e-07 4.018290975832010084e-06 2.796314808800378065e-03 -1.078804971862511349e-02 -6.630113658878952765e-02 -1.494893607947461213e-04 6.403210875883012061e-05 1.734017526781728559e-04 -1.501051093734107971e-05 3.669566262726230432e-01 5.124252454651609910e-03 -2.142425713981270519e-01 1.219817309841852715e-01 3.317250896667075732e+00 5.551639982867165868e-01 2.350343796172554012e-01 7.180390114292319048e-02 -6.071733753362257957e+00 -3.599393371926164487e-01 -8.291199729794359596e-01 -1.062108526220048255e+00 -1.272365584822940420e-03 -1.007291447167612159e-04 8.423469499524673034e-05 -7.817638279202970874e-04 -9.509583889073763667e-04 -9.018246360925401273e-03
-2.861471132384430329e-04 -3.650309114543199163e-04 -6.564312580261826656e-06 -9.516987295253047569e-06 -1.308598272708789520e-05 -1.748708206118402154e-03 1.469159223458404127e-02 -4.913729063378847323e-02 -5.398391911368961794e-05 1.809542181555813436e-04 -1.970913536992063039e-04 -4.099849319774478626e-05 6.679237504156464444e-01 1.856508767023406017e-02 6.153879786261887835e-02 -1.442988674551483885e-01 5.551639982867165868e-01 3.040776208107204504e+00 2.534109347554112546e+00 2.412391299934293798e+00 5.695210383518874764e+00 -1.082612699488499919e+00 -6.326711967854709018e-01 -1.208643881795651298e+00 -6.385647471101646346e-04 5.119347584536319525e-04 2.466537099438333418e-03 1.075172259528046946e-03 1.382488889928581641e-03 4.360664951657996537e-03
-3.605156986861935363e-04 -4.355111797638369794e-04 -1.378768899373490900e-05 -1.596149287564825896e-05 6.936712798166605172e-05 -7.663028515786742857e-04 -5.534845056071797421e-03 3.050580714115042405e-02 -4.561291194739294980e-05 -4.823824852861319247e-06 -3.577201087240387074e-05 4.111131813895249881e-04 -5.817369130504649100e+00 1.193916649840498778e-01 2.517971344066381789e+00 -1.933894659016124562e+00 2.350343796172554012e-01 2.534109347554112990e+00 1.042483809758086721e+01 1.872136491813698456e+01 -1.304209234936237749e+01 3.126828680031620511e+00 4.795570042281223522e+00 5.514047274440178725e+00 -2.632762715767131880e-06 7.923448439108316801e-04 2.371571302008143589e-03 1.696495986922295094e-03 -2.545690242161281671e-03 3.746174101594410520e-03
5.895173936298463971e-05 1.543440049053235088e-03 1.568185280900429686e-07 6.012647845780565910e-06 -3.492663512507970976e-05 2.515736798314921301e-03 -5.242876596759384750e-02 4.357149740174751651e-01 -2.706522484167960007e-04 3.486198613547334606e-04 3.910635220837641122e-05 9.305401258516144943e-04 -3.323856617528753787e+01 1.821277758455616125e-01 3.118936295815404769e+00 -2.046047140589562829e+00 7.180390114292316273e-02 2.412391299934293798e+00 1.872136491813698456e+01 5.269412026981790831e+01 -2.404416753266350781e+01 3.923503820901008687e+00 8.200327779695783192e+00 3.310833703728055610e+01 4.844777824848369059e-03 3.107877709496127423e-03 2.834147431864318160e-05 6.411660342061253036e-03 -7.723418366585225840e-03 1.202538959303724956e-03
-5.795879966446022477e-03 -2.256028619035077218e-02 4.967721331892688654e-05 -2.784054424495466880e-04 6.773013787130559770e-04 -2.141512329294608871e-02 1.388001668624515017e-01 -5.328949593320493339e-01 -4.903929474849093653e-03 2.903609158510914168e-03 3.943582609716397326e-03 4.079894936680292933e-04 3.439445104336347470e+01 -6.654944462815701733e-01 -2.968911622494571034e+01 1.313736945320946603e+01 -6.071733753362256181e+00 5.695210383518874764e+00 -1.304209234936237749e+01 -2.404416753266350781e+01 7.775336244847209173e+02 6.324606481349199782e+01 -5.561543845320358059e+01 -5.753833058439141013e+01 -1.348013711009996875e-02 -6.643821932228205496e-03 5.636355618159131359e-02 -4.991765777274757149e-03 2.019351980439380162e-02 9.797899816919465599e-02
-5.176781516111592790e-03 -6.258519860031707890e-03 -6.479229698879745882e-05 -1.963996366239765591e-04 6.860387877009846598e-04 -7.478200642369390271e-03 4.187474338630448739e-02 -5.624283647928174368e-01 -3.703062284885472004e-03 2.061627863541261243e-04 4.547434931303587924e-05 2.897998486219326145e-05 9.023979354240035944e-01 9.518375478918096322e-01 -3.271472886987564443e+00 -4.861124370699697828e+00 -3.599393371926164487e-01 -1.082612699488499919e+00 3.126828680031620511e+00 3.923503820901008243e+00 6.324606481349199782e+01 6.001331016825398734e+01 4.073268592721262138e+01 1.609794197380299252e+01 2.318397651072441005e-03 3.713753450504080739e-04 6.211430549096933276e-03 -1.647377369814622501e-03 1.997231829358459693e-02 5.966177816393183897e-02
-1.175100829902442010e-03 1.603142360915278458e-03 -6.400145033010922617e-06 -4.989299391642725890e-05 2.373987687875012088e-04 3.145382964428578183e-03 -8.194101009025116233e-02 3.418364823701499078e-01 -1.655164972727810394e-03 -2.213350781987720776e-04 4.098095837489818980e-04 -4.367306649586127237e-04 -1.391840056382091362e+01 1.730587676709977041e+00 7.356601242834337917e+00 -1.148463336793150091e+01 -8.291199729794359596e-01 -6.326711967854707908e-01 4.795570042281225298e+00 8.200327779695783192e+00 -5.561543845320358770e+01 4.073268592721262138e+01 8.538462155415064103e+01 5.334151614681492504e+01 7.152448984399891949e-03 4.292425345497491614e-03 4.824387128260670607e-03 4.260835969047790939e-03 1.137350551810886561e-02 4.891275216008156984e-02
-1.263732964045780971e-03 4.994027834844642043e-03 2.401907579648144845e-05 2.084980088683132036e-05 -1.052116178326374874e-04 1.246179016175944475e-02 -1.337585079166375979e-01 5.710398705502860439e-01 -2.178090242566598465e-03 1.094132112040618394e-04 3.924139704886040153e-04 -1.371665292151521285e-03 -5.470586261540223916e+01 7.049661254745135386e-01 5.077454656383043385e+00 -8.707809127992771181e+00 -1.062108526220048255e+00 -1.208643881795651298e+00 5.514047274440178725e+00 3.310833703728055610e+01 -5.753833058439141013e+01 1.609794197380299252e+01 5.334151614681492504e+01 1.019888729638077649e+02 1.102374295828898072e-02 4.510567088825728939e-03 2.915658067218081153e-03 1.134180213975179673e-02 6.655251190625621240e-03 3.989644637086356416e-02
-5.550765519833416295e-06 3.333979892455374315e-06 1.781715105049327626e-07 2.078640423206851993e-08 2.782713251668084732e-08 -2.367085635124816835e-05 -3.445849143343213562e-04 3.281977325596696464e-03 -3.064804443450012503e-06 2.304693371746765394e-08 -5.042294488405164767e-07 -1.317055404865677274e-07 -6.215627331127537326e-03 1.992988035558621105e-04 -1.242386126374644731e-05 -9.663418003642873337e-04 -1.272365584822939986e-03 -6.385647471101648515e-04 -2.632762715767015413e-06 4.844777824848369059e-03 -1.348013711009995834e-02 2.318397651072440138e-03 7.152448984399891949e-03 1.102374295828897899e-02 1.499763666903566103e-03 2.850797718193767336e-04 7.419747218785158476e-05 -3.786417311193836580e-04 -7.367098748426147972e-05 -1.822926443764456437e-04
-3.704166402354454522e-07 1.379857453785647882e-06 -5.972924206777933431e-08 3.337141000234922587e-08 2.253508604186704252e-07 1.067940417109271937e-05 3.185590173520714641e-05 -7.578679651635426883e-04 -1.142037141986502196e-07 -6.092616580594215549e-07 -6.647764069287411469e-08 -7.567801123986783047e-08 -2.063634279723639605e-03 -4.420147103887571644e-05 8.351665449553260156e-04 -1.799101930695416133e-03 -1.007291447167612159e-04 5.119347584536320609e-04 7.923448439108316801e-04 3.107877709496127423e-03 -6.643821932228207230e-03 3.713753450504079655e-04 4.292425345497489879e-03 4.510567088825728939e-03 2.850797718193767336e-04 8.639654646496929208e-04 5.428666483754418401e-05 7.114654045033819542e-04 6.071771989324737154e-05 -5.435534323740225495e-04
7.427270626750469480e-06 -3.027788782120176411e-06 2.067826857691181468e-07 3.742581217206271939e-08 7.297122526945728970e-07 -5.808614994500574505e-05 -7.015280235154069434e-04 4.817231444113065711e-03 5.400500907489048249e-06 -2.312603944987836090e-06 3.408759774140195771e-07 2.609682978656362293e-07 -4.947640597508495266e-04 2.234475494955247559e-04 5.029272362256101631e-04 1.384000152369615003e-03 8.423469499524656771e-05 2.466537099438332985e-03 2.371571302008144023e-03 2.834147431864155191e-05 5.636355618159131359e-02 6.211430549096930674e-03 4.824387128260671474e-03 2.915658067218079418e-03 7.419747218785158476e-05 5.428666483754419756e-05 7.076643401949807288e-03 -3.348987829526285979e-04 5.523295008548446353e-04 4.105293656453105726e-03
-5.367989254044013825e-06 -2.783991161279483563e-06 -2.204535871528874690e-07 -1.383264903456437002e-07 1.800532353591934260e-06 3.046789327279990093e-05 4.058891152505128986e-04 -2.357894342075211608e-03 -4.333928070794419169e-06 -5.792757052691489215e-07 5.502192960348857403e-07 4.362978135427802745e-09 -7.273687945328476123e-03 -7.611624795467733995e-05 9.329105440125903034e-04 -7.205543628797940166e-04 -7.817638279202970874e-04 1.075172259528046946e-03 1.696495986922295527e-03 6.411660342061254771e-03 -4.991765777274764955e-03 -1.647377369814623802e-03 4.260835969047790939e-03 1.134180213975179673e-02 -3.786417311193836580e-04 7.114654045033819542e-04 -3.348987829526285979e-04 2.835660859948737917e-03 5.308922861695236639e-04 -5.853552510971309032e-04
-1.941311915177192676e-05 -5.570122824765357621e-07 2.794807989848210622e-07 -6.861503370102570840e-07 1.534387308130729575e-06 -2.641248381058770988e-05 1.087666985351404519e-04 -3.939293229992526721e-03 -7.702843938188088012e-06 -1.366362052848165794e-06 -1.011160841600675204e-06 -1.140546716054645991e-07 1.448401171111498220e-03 4.259902384015629281e-04 -3.503583973134316402e-03 2.373318270262701670e-03 -9.509583889073770172e-04 1.382488889928581424e-03 -2.545690242161280370e-03 -7.723418366585228442e-03 2.019351980439379815e-02 1.997231829358458999e-02 1.137350551810886387e-02 6.655251190625619505e-03 -7.367098748426147972e-05 6.071771989324737154e-05 5.523295008548446353e-04 5.308922861695236639e-04 6.358135256491778339e-03 7.997875875506944496e-03
-1.255058098211496854e-04 -3.289434384789998925e-05 -6.993688990740231339e-07 -2.020099255658436708e-06 1.369006407545354022e-05 -2.035540031501932373e-05 5.275701151281418210e-04 -2.208093399261949405e-02 -6.884649215918764214e-05 -8.242333195083121968e-06 -2.138342912384699227e-06 4.976784588481047732e-07 8.648048162159715970e-04 6.930496854578922132e-04 -2.979712472740509311e-03 -7.253919436684848170e-03 -9.018246360925404742e-03 4.360664951657998271e-03 3.746174101594411821e-03 1.202538959303713680e-03 9.797899816919468374e-02 5.966177816393182509e-02 4.891275216008156984e-02 3.989644637086357110e-02 -1.822926443764456166e-04 -5.435534323740225495e-04 4.105293656453105726e-03 -5.853552510971309032e-04 7.997875875506942761e-03 7.184772436887705560e-02
