# logA ns theta_MC_100 ombh2 omch2 w wa beta_DE tau A_planck calib_100T calib_217T A_cib_217 xi_sz_cib A_sz ksz_norm gal545_A_100 gal545_A_143 gal545_A_143_217 gal545_A_217 ps_A_100_100 ps_A_143_143 ps_A_143_217 ps_A_217_217 galf_TE_A_100 galf_TE_A_100_143 galf_TE_A_100_217 galf_TE_A_143 galf_TE_A_143_217 galf_TE_A_217
1.966097320332570782e-04 1.582851701727879703e-05 7.810038076231594507e-07 5.501635495387586487e-07 -5.676046854771309344e-06 -1.929087022982226051e-03 2.205271619306190933e-03 2.013720589211528272e-02 1.016272906447272199e-04 2.628049876902798795e-06 1.450473323584925088e-07 -3.704772744705629374e-07 -5.049230803081239567e-03 8.268009236709695023e-05 4.354373364425894984e-04 -1.186207678307470625e-03 6.400209111246182858e-04 2.343514121647218874e-04 -6.610690232351575275e-04 7.552907520408524847e-04 -1.206145396970338332e-02 -8.508474142974680951e-03 -2.500492835260403370e-03 2.911253148409399284e-03 -1.768053985655453734e-05 1.751889904298233864e-06 -2.118807755692363687e-06 -3.171913810609437223e-06 -9.802864429491153132e-06 -7.343011278050348950e-05
1.582851701727879703e-05 1.790598384332646440e-05 4.247846829013595886e-07 2.701651000334146586e-07 -3.737523542593628916e-06 3.929264363537725443e-04 -3.156520182270804143e-04 -3.261394697471764297e-03 1.155561484120035453e-05 1.464728076172669277e-06 -6.888655535568640654e-08 -1.145048003929418874e-07 -4.261098819494131031e-03 9.564484733036781119e-05 9.359028530361956748e-04 -2.353657649778863412e-03 4.978445814377942865e-04 -1.903682677631831038e-04 -1.459969205107169022e-04 1.663936227047068620e-03 -2.316483259267038824e-02 -7.105884914121506600e-03 8.891671777463237966e-04 4.496291517252126030e-03 -1.883384956446895958e-06 3.901502747896294426e-06 5.041300380765017731e-06 -3.826804573545865202e-06 -4.736970072509760086e-06 -4.605067874830477497e-05
7.810038076231594507e-07 4.247846829013595886e-07 9.088800285496361776e-08 1.581163049630379893e-08 -1.204033198392812346e-07 1.177855753299814519e-05 -3.936677174196709356e-06 -1.032562838370986835e-04 4.308701708100863503e-07 5.472678842904660240e-08 2.970793489548048646e-09 -3.869423055496322145e-09 -2.088106454642556947e-05 -7.677920488768209579e-09 3.635887446798006450e-06 -1.765743009703006706e-05 1.740451113268486099e-05 8.898605794450885242e-06 -1.087672373716499144e-05 -1.305220044722882402e-05 -2.302675102803639122e-05 -1.235883343513446487e-04 -6.437046847332905371e-05 -9.111441892265373352e-06 -1.948716563803886752e-07 6.883684643751888128e-09 1.321230301917033298e-07 -3.088455602174235144e-07 -1.233623208850600274e-06 -4.187978616597040391e-06
5.501635495387586487e-07 2.701651000334146586e-07 1.581163049630379893e-08 2.165618394562727883e-08 -1.027601473981922322e-07 9.600053689664911368e-06 -4.959918868782221357e-06 -8.403305915770751405e-05 3.258717272917169926e-07 3.088458972523016493e-08 7.190816003293430525e-10 -1.416763675623982774e-09 -8.542285184008815556e-05 3.141022437067621655e-06 1.741982963182734544e-05 -3.352857422661268582e-05 4.667495472599624237e-06 -3.333253746695107479e-06 -1.423004402200843808e-05 1.188161661696214813e-05 -3.710741146215906392e-04 -2.152572478985279340e-04 -4.014882203575070375e-05 1.388002051456891960e-05 -2.556126708608620783e-07 -2.361431441004572789e-08 5.778928691048048688e-08 -1.989716128224088114e-07 -3.725532150439557689e-07 -2.843134022214386475e-06
-5.676046854771309344e-06 -3.737523542593628916e-06 -1.204033198392812346e-07 -1.027601473981922322e-07 1.488912544766764320e-06 -1.310522443595353375e-04 1.173484524604177402e-04 1.071533967803640561e-03 -3.878812860556352086e-06 -6.751162058093306878e-07 -3.925670103339463564e-09 2.296108290971206113e-08 2.646003908257726044e-04 -1.213267950764320738e-05 -1.204602032723016284e-04 2.457460522633156657e-04 -7.397337914387560167e-05 -1.052990593189559524e-05 1.024187118362163272e-06 -1.089277195076333735e-04 1.812017675524456870e-03 1.026825498480529730e-03 1.792323968641072046e-04 -6.825936818978722354e-05 1.915956727321415755e-06 -1.231617359960111596e-07 -4.710022121794602875e-07 1.419462126768347573e-06 3.647768258751019103e-06 1.918848408841196808e-05
-1.929087022982226051e-03 3.929264363537725443e-04 1.177855753299814519e-05 9.600053689664909674e-06 -1.310522443595353646e-04 5.886523614533780702e-01 -4.418959866954971782e-01 -3.036266077403946273e+00 -7.087218172245183558e-04 -8.143556663956729423e-05 -8.590532540851302039e-06 8.626955824765800368e-06 -4.187408268351617419e-02 -1.285860551379660677e-03 4.484220808965085070e-02 -7.070946051491580620e-02 1.245102114442761532e-02 5.646255873198521152e-02 1.201162720606324674e-01 2.067023457724988800e-01 -1.005751078094181405e+00 -2.301984261332397919e-01 -8.619158203084383019e-02 -9.883645043490443816e-02 -1.647199020299385018e-04 -1.372903193193908324e-03 -6.316772952103133108e-04 -1.082593449062731411e-03 -4.650152463712837179e-04 -8.892605775300340895e-03
2.205271619306190933e-03 -3.156520182270804143e-04 -3.936677174196711897e-06 -4.959918868782221357e-06 1.173484524604177402e-04 -4.418959866954971782e-01 1.212060735233245756e+00 1.302594935545241528e+00 8.549007335422549505e-04 8.355423729563365672e-05 -1.000519607108402417e-05 -1.919027616537345824e-06 1.835337320959384566e-01 2.731747218986913753e-03 -2.229831957345100937e-02 7.115169591767940387e-03 -6.047286904806419700e-03 -3.566128871067347078e-02 -5.245630078887356801e-02 -1.624003040474012172e-01 1.016513129472748522e+00 1.889887529690195966e-01 1.044943481632494148e-01 -1.264602085791007025e-01 -4.712807907324616328e-04 8.202236790539423322e-04 -1.444308856098171570e-03 1.291647237500223632e-03 2.867701230979145810e-03 6.959648257493100329e-03
2.013720589211528272e-02 -3.261394697471763429e-03 -1.032562838370986564e-04 -8.403305915770748695e-05 1.071533967803640561e-03 -3.036266077403946273e+00 1.302594935545241528e+00 3.268614607271343431e+01 7.277791030589272035e-03 1.324630887749378818e-03 1.222412469686994083e-04 -3.403920742083681725e-05 3.023145322113509614e-01 8.768634223361961499e-04 -2.588127514425532238e-01 3.791397261516207262e-01 -5.741741673090938747e-02 -3.077909560165578706e-01 -4.941760981062576219e-01 -9.350209078892033343e-01 5.914815224208865629e+00 1.915660998989112240e+00 4.767831195233326325e-01 1.066333732352575003e+00 -3.626741512248623893e-04 6.847042526972320180e-03 5.174901628123861931e-03 1.287466168748311636e-02 3.356552049013340755e-03 2.304346958261187586e-02
1.016272906447272199e-04 1.155561484120035453e-05 4.308701708100864032e-07 3.258717272917169926e-07 -3.878812860556352086e-06 -7.087218172245185726e-04 8.549007335422549505e-04 7.277791030589272035e-03 5.816677396002550219e-05 -2.558008034361260011e-06 2.450985105446506348e-08 -2.169426888791166947e-07 -2.975907038503985448e-03 4.410975960021871057e-05 3.311073411776779330e-04 -4.268872811409050788e-04 5.255816300844373245e-04 3.180825521244944748e-04 -2.353252769867885546e-04 -7.437309363174318818e-05 -1.149913545969201943e-02 -6.577174816681778495e-03 -2.861984540053837296e-03 -7.417386869529767404e-04 -1.006942504553371356e-05 2.990956628544314211e-07 1.765555062625086938e-06 -3.230485150109120661e-06 -4.242687734468579289e-06 -5.158961371541944367e-05
2.628049876902798795e-06 1.464728076172669277e-06 5.472678842904660240e-08 3.088458972523016493e-08 -6.751162058093306878e-07 -8.143556663956728068e-05 8.355423729563367027e-05 1.324630887749378818e-03 -2.558008034361260011e-06 4.817461766903685522e-06 -2.036683801446284370e-08 -7.328383381150812174e-09 8.200542358061422643e-04 -1.482008514336504388e-05 6.086096852583946110e-05 -1.472837663622710935e-04 3.437574824294638450e-05 7.531444472024492775e-05 2.378257933481694065e-04 8.301043022042642371e-04 5.464874875709509021e-03 1.170458224226130156e-03 5.519723466918083658e-04 1.006845524256734731e-03 5.489959289678883542e-07 1.800177149479294174e-06 -6.957406958435676179e-07 3.660242936801267460e-07 -3.934983765891906100e-06 -9.089290563766686070e-07
1.450473323584925088e-07 -6.888655535568640654e-08 2.970793489548048646e-09 7.190816003293430525e-10 -3.925670103339463564e-09 -8.590532540851302039e-06 -1.000519607108402417e-05 1.222412469686994083e-04 2.450985105446504694e-08 -2.036683801446284370e-08 3.847727982009469818e-07 -6.626732616037795369e-10 -2.510807169937386203e-04 9.241714644366057292e-06 1.627616906502206439e-04 -9.658912312747892220e-05 2.046462592177957255e-04 -1.643183031944689561e-04 3.254118164036654475e-05 1.433117169576968218e-04 3.198203790091914793e-03 7.065505313049262051e-05 6.393127313005634617e-04 5.263189922909568795e-04 -4.679543984268946764e-07 -3.459671184323152350e-07 -1.144779230169101311e-06 -4.546105778893376713e-08 -4.442229749980770586e-07 1.276051115223551863e-06
-3.704772744705629374e-07 -1.145048003929418874e-07 -3.869423055496322145e-09 -1.416763675623982774e-09 2.296108290971206113e-08 8.626955824765802062e-06 -1.919027616537343282e-06 -3.403920742083684436e-05 -2.169426888791166947e-07 -7.328383381150812174e-09 -6.626732616037795369e-10 3.879654581404538790e-07 6.021915914895726750e-04 4.629627456948055253e-07 -1.379854732753170497e-05 -4.238310818791661685e-05 -1.481568625237273429e-05 -3.645483903763595274e-05 4.479105738932688302e-04 1.024742070789758097e-03 8.975253957789236688e-05 1.894748037680343573e-04 -2.048568734021847550e-04 -1.124429315682046833e-03 -2.375004555644641708e-07 3.049916681912211246e-07 2.951701900097394129e-07 4.514476060879250180e-07 -7.087671413627009027e-07 -8.231400075447491990e-07
-5.049230803081241302e-03 -4.261098819494130163e-03 -2.088106454642556269e-05 -8.542285184008815556e-05 2.646003908257726044e-04 -4.187408268351616031e-02 1.835337320959385121e-01 3.023145322113506839e-01 -2.975907038503984581e-03 8.200542358061422643e-04 -2.510807169937386203e-04 6.021915914895726750e-04 4.264981342204443138e+01 -3.510523796752245129e-01 -6.614879519739033098e-01 -3.914295287981700566e-01 2.089292146005605755e-01 3.585075799859949175e-01 -5.686006999698068221e+00 -3.277324109674368202e+01 2.843311280758192794e+01 2.500269668190838068e+00 -1.167286839349555372e+01 -5.189417242734947422e+01 4.146838598552493073e-03 2.696374017812992047e-03 9.623648812955213835e-03 3.272707220225671708e-04 -3.697240525611187895e-03 1.009607145687997816e-02
8.268009236709697733e-05 9.564484733036782474e-05 -7.677920488768509018e-09 3.141022437067621655e-06 -1.213267950764320738e-05 -1.285860551379660027e-03 2.731747218986915055e-03 8.768634223361869342e-04 4.410975960021872413e-05 -1.482008514336504726e-05 9.241714644366057292e-06 4.629627456948048371e-07 -3.510523796752245129e-01 7.909107144966438796e-02 -3.022262690313452099e-02 3.627840631731490961e-02 -1.554559223658615388e-02 9.328212156295775806e-04 9.413062785578373004e-02 1.114438690218609446e-01 -4.245676268158531386e-01 8.763641916712574531e-01 1.679669484589294770e+00 5.862246416805952931e-01 -1.003579543495851861e-04 5.342738244046607067e-05 3.344371702924064070e-04 2.459109012145639216e-04 5.692773392799331186e-04 3.363849052152066222e-04
4.354373364425892816e-04 9.359028530361956748e-04 3.635887446798008991e-06 1.741982963182733867e-05 -1.204602032723016284e-04 4.484220808965085070e-02 -2.229831957345099896e-02 -2.588127514425532794e-01 3.311073411776779330e-04 6.086096852583946110e-05 1.627616906502206439e-04 -1.379854732753169989e-05 -6.614879519739031988e-01 -3.022262690313452099e-02 3.695773658061030975e+00 -2.557384936886235138e+00 -1.169221685739810779e-01 1.464230558322829334e-01 2.519399640071059654e+00 3.102109720598236198e+00 -2.925868314255092173e+01 -3.131745472759167370e+00 7.364678535350069666e+00 5.009293782353709368e+00 -4.196692841013112798e-04 5.941378473615009604e-04 2.332935842744128345e-03 1.676749928848470525e-03 -2.178875115379840053e-04 -4.000678163096337350e-03
-1.186207678307469975e-03 -2.353657649778863412e-03 -1.765743009703006028e-05 -3.352857422661268582e-05 2.457460522633157199e-04 -7.070946051491580620e-02 7.115169591767937785e-03 3.791397261516207262e-01 -4.268872811409051872e-04 -1.472837663622710935e-04 -9.658912312747892220e-05 -4.238310818791662363e-05 -3.914295287981700566e-01 3.627840631731490961e-02 -2.557384936886235138e+00 5.493549132820062297e+00 2.884890334078152666e-02 -1.237369410509367995e-01 -1.984404020294578075e+00 -2.237156884832908865e+00 1.451781909873571941e+01 -4.809287243366317632e+00 -1.118122464403983507e+01 -8.480660200832161877e+00 6.574766896960878302e-04 -1.131848774672818483e-03 -2.787353780397701223e-04 -1.306636804848567909e-03 2.212775815785941562e-03 1.394146140502220028e-02
6.400209111246183942e-04 4.978445814377942865e-04 1.740451113268486099e-05 4.667495472599624237e-06 -7.397337914387560167e-05 1.245102114442761358e-02 -6.047286904806402352e-03 -5.741741673090935971e-02 5.255816300844374329e-04 3.437574824294642515e-05 2.046462592177957255e-04 -1.481568625237273429e-05 2.089292146005605755e-01 -1.554559223658615388e-02 -1.169221685739810362e-01 2.884890334078153706e-02 3.376148770824735301e+00 5.442688781662493591e-01 2.483458244720630481e-01 1.680290028498416521e-01 -5.648401562455098279e+00 -5.064241947603427274e-01 -8.983726972320271731e-01 -6.841687790387140922e-01 -2.228098905504142288e-04 2.289579401524061315e-03 3.349252611371660374e-03 1.240452125235456298e-03 -3.340629246579435163e-03 -1.698659748472208797e-02
2.343514121647219688e-04 -1.903682677631831038e-04 8.898605794450883548e-06 -3.333253746695105785e-06 -1.052990593189558508e-05 5.646255873198521152e-02 -3.566128871067347772e-02 -3.077909560165579261e-01 3.180825521244944748e-04 7.531444472024491420e-05 -1.643183031944689832e-04 -3.645483903763594596e-05 3.585075799859949175e-01 9.328212156295787733e-04 1.464230558322829334e-01 -1.237369410509367995e-01 5.442688781662493591e-01 3.114623892658558990e+00 2.583256455464278289e+00 2.699943564272289542e+00 5.485560648733495803e+00 -1.884798208630953820e+00 -1.146464120097686834e+00 -1.138375108963932014e+00 1.772651752468551315e-03 6.543836458111427351e-05 1.610416705455482806e-03 4.857463764022950823e-04 -7.716238788619868023e-04 -7.598372720176608391e-03
-6.610690232351577444e-04 -1.459969205107169293e-04 -1.087672373716499482e-05 -1.423004402200843808e-05 1.024187118362144214e-06 1.201162720606324674e-01 -5.245630078887358883e-02 -4.941760981062575664e-01 -2.353252769867884733e-04 2.378257933481694065e-04 3.254118164036654475e-05 4.479105738932688302e-04 -5.686006999698068221e+00 9.413062785578370228e-02 2.519399640071059654e+00 -1.984404020294578075e+00 2.483458244720630204e-01 2.583256455464278289e+00 1.040518480722130690e+01 1.894656920048774396e+01 -1.027191478003870451e+01 3.097039450451700038e+00 4.274291851839731926e+00 5.336313750843937775e+00 1.169980559771637398e-03 9.601270348409285003e-04 4.017028095623095992e-03 -5.908506088247911150e-04 -4.782309747478589654e-03 8.253043813247554206e-03
7.552907520408524847e-04 1.663936227047068620e-03 -1.305220044722882911e-05 1.188161661696214813e-05 -1.089277195076333735e-04 2.067023457724988800e-01 -1.624003040474012172e-01 -9.350209078892037784e-01 -7.437309363174326950e-05 8.301043022042643455e-04 1.433117169576968218e-04 1.024742070789758097e-03 -3.277324109674368202e+01 1.114438690218609723e-01 3.102109720598236642e+00 -2.237156884832908421e+00 1.680290028498417076e-01 2.699943564272289542e+00 1.894656920048774396e+01 5.345362578849540824e+01 -1.822559885676577807e+01 3.681696817956518153e+00 7.117888526783010761e+00 3.259900223700295641e+01 -1.336046545908928761e-03 2.259624636438574592e-03 -8.082701514905317464e-04 3.733903263076151363e-03 -9.804561075256287145e-03 2.215339498408130589e-02
-1.206145396970338159e-02 -2.316483259267038824e-02 -2.302675102803639122e-05 -3.710741146215906392e-04 1.812017675524456653e-03 -1.005751078094181405e+00 1.016513129472748300e+00 5.914815224208865629e+00 -1.149913545969201596e-02 5.464874875709509021e-03 3.198203790091914793e-03 8.975253957789247530e-05 2.843311280758192794e+01 -4.245676268158531386e-01 -2.925868314255092173e+01 1.451781909873571941e+01 -5.648401562455098279e+00 5.485560648733495803e+00 -1.027191478003870095e+01 -1.822559885676577807e+01 7.541910552899612412e+02 6.701353202845902501e+01 -4.993715744416836344e+01 -5.301950124539410325e+01 1.881150331798409070e-02 -1.243765677667901109e-02 -5.032908145793294624e-02 -4.916437276518339367e-02 -8.069080495560976285e-02 -1.554562626468506369e-02
-8.508474142974680951e-03 -7.105884914121506600e-03 -1.235883343513445945e-04 -2.152572478985279340e-04 1.026825498480529730e-03 -2.301984261332397919e-01 1.889887529690196244e-01 1.915660998989112018e+00 -6.577174816681779362e-03 1.170458224226130156e-03 7.065505313049263406e-05 1.894748037680343573e-04 2.500269668190838068e+00 8.763641916712574531e-01 -3.131745472759167370e+00 -4.809287243366317632e+00 -5.064241947603427274e-01 -1.884798208630953820e+00 3.097039450451700038e+00 3.681696817956518153e+00 6.701353202845902501e+01 6.051790687135360258e+01 3.888161153101110301e+01 1.379730382626764218e+01 -3.991871076725126387e-03 -4.522206048577256769e-04 -3.407227592510778807e-03 2.684210650735905940e-03 1.007947770188872671e-03 5.872177956604249238e-02
-2.500492835260403370e-03 8.891671777463237966e-04 -6.437046847332905371e-05 -4.014882203575069697e-05 1.792323968641072046e-04 -8.619158203084380243e-02 1.044943481632493731e-01 4.767831195233328545e-01 -2.861984540053837296e-03 5.519723466918084742e-04 6.393127313005635701e-04 -2.048568734021847821e-04 -1.167286839349555372e+01 1.679669484589294770e+00 7.364678535350069666e+00 -1.118122464403983507e+01 -8.983726972320273951e-01 -1.146464120097686834e+00 4.274291851839731926e+00 7.117888526783009873e+00 -4.993715744416836344e+01 3.888161153101110301e+01 8.293363920721353111e+01 5.014735164636020670e+01 -6.798882140466777114e-03 2.999870865417571990e-04 6.833322586360059646e-03 1.382947415833292795e-02 1.226098578460900479e-02 9.489963682278099166e-03
2.911253148409400585e-03 4.496291517252126030e-03 -9.111441892265373352e-06 1.388002051456892468e-05 -6.825936818978726420e-05 -9.883645043490443816e-02 -1.264602085791006747e-01 1.066333732352575225e+00 -7.417386869529769573e-04 1.006845524256734731e-03 5.263189922909568795e-04 -1.124429315682046833e-03 -5.189417242734947422e+01 5.862246416805952931e-01 5.009293782353709368e+00 -8.480660200832161877e+00 -6.841687790387140922e-01 -1.138375108963932014e+00 5.336313750843936887e+00 3.259900223700294930e+01 -5.301950124539410325e+01 1.379730382626764218e+01 5.014735164636020670e+01 9.768246725755776083e+01 -6.403604069984908734e-03 -4.914715767188389262e-03 -1.577249588086405627e-02 1.166329351560870279e-03 7.772160206343996756e-03 -3.685381855638764081e-02
-1.768053985655453734e-05 -1.883384956446895323e-06 -1.948716563803886487e-07 -2.556126708608620254e-07 1.915956727321415755e-06 -1.647199020299383392e-04 -4.712807907324615244e-04 -3.626741512248623893e-04 -1.006942504553371525e-05 5.489959289678890953e-07 -4.679543984268943588e-07 -2.375004555644641973e-07 4.146838598552493940e-03 -1.003579543495851454e-04 -4.196692841013112798e-04 6.574766896960878302e-04 -2.228098905504142559e-04 1.772651752468550881e-03 1.169980559771636964e-03 -1.336046545908928110e-03 1.881150331798409070e-02 -3.991871076725126387e-03 -6.798882140466777114e-03 -6.403604069984908734e-03 1.462318286481957292e-03 2.608913438612498240e-04 1.233903869842969524e-04 -3.606243874451880559e-04 -8.383360532284848162e-05 6.537853630069514728e-05
1.751889904298233440e-06 3.901502747896295273e-06 6.883684643751874066e-09 -2.361431441004572128e-08 -1.231617359960112655e-07 -1.372903193193908324e-03 8.202236790539423322e-04 6.847042526972318445e-03 2.990956628544320035e-07 1.800177149479294174e-06 -3.459671184323152350e-07 3.049916681912211246e-07 2.696374017812992480e-03 5.342738244046605712e-05 5.941378473615009604e-04 -1.131848774672818700e-03 2.289579401524060882e-03 6.543836458111440904e-05 9.601270348409282835e-04 2.259624636438575026e-03 -1.243765677667901283e-02 -4.522206048577255685e-04 2.999870865417576869e-04 -4.914715767188389262e-03 2.608913438612498240e-04 8.514332283145140687e-04 2.738190222341137220e-05 7.657174824992893977e-04 1.035232907200174816e-04 -4.929122142972133021e-04
-2.118807755692363263e-06 5.041300380765017731e-06 1.321230301917033563e-07 5.778928691048050673e-08 -4.710022121794602875e-07 -6.316772952103134192e-04 -1.444308856098171353e-03 5.174901628123859329e-03 1.765555062625089268e-06 -6.957406958435666649e-07 -1.144779230169101522e-06 2.951701900097394129e-07 9.623648812955215570e-03 3.344371702924062444e-04 2.332935842744128345e-03 -2.787353780397701223e-04 3.349252611371660374e-03 1.610416705455483023e-03 4.017028095623097726e-03 -8.082701514905291443e-04 -5.032908145793294624e-02 -3.407227592510776205e-03 6.833322586360063983e-03 -1.577249588086406321e-02 1.233903869842969795e-04 2.738190222341139253e-05 7.195217902356075557e-03 -3.630740520459963244e-04 6.417074319852967505e-04 5.371409302597106826e-03
-3.171913810609439341e-06 -3.826804573545865202e-06 -3.088455602174235673e-07 -1.989716128224088114e-07 1.419462126768347573e-06 -1.082593449062731628e-03 1.291647237500223849e-03 1.287466168748311636e-02 -3.230485150109123202e-06 3.660242936801267460e-07 -4.546105778893383331e-08 4.514476060879249651e-07 3.272707220225677671e-04 2.459109012145638674e-04 1.676749928848470742e-03 -1.306636804848566825e-03 1.240452125235456298e-03 4.857463764022947571e-04 -5.908506088247912234e-04 3.733903263076152664e-03 -4.916437276518339367e-02 2.684210650735905507e-03 1.382947415833292795e-02 1.166329351560872665e-03 -3.606243874451880559e-04 7.657174824992893977e-04 -3.630740520459963244e-04 2.950404580129370978e-03 6.517454508254719127e-04 -1.035670555216041148e-03
-9.802864429491151438e-06 -4.736970072509759239e-06 -1.233623208850600063e-06 -3.725532150439557689e-07 3.647768258751019103e-06 -4.650152463712835553e-04 2.867701230979146244e-03 3.356552049013340755e-03 -4.242687734468584372e-06 -3.934983765891905253e-06 -4.442229749980770586e-07 -7.087671413627009027e-07 -3.697240525611187895e-03 5.692773392799331186e-04 -2.178875115379837071e-04 2.212775815785941562e-03 -3.340629246579435597e-03 -7.716238788619871275e-04 -4.782309747478587919e-03 -9.804561075256288880e-03 -8.069080495560976285e-02 1.007947770188872454e-03 1.226098578460900479e-02 7.772160206343996756e-03 -8.383360532284846807e-05 1.035232907200174816e-04 6.417074319852968589e-04 6.517454508254719127e-04 6.552116152055122156e-03 7.551181922826675011e-03
-7.343011278050348950e-05 -4.605067874830477497e-05 -4.187978616597040391e-06 -2.843134022214386475e-06 1.918848408841196808e-05 -8.892605775300342630e-03 6.959648257493100329e-03 2.304346958261187586e-02 -5.158961371541944367e-05 -9.089290563766697717e-07 1.276051115223552287e-06 -8.231400075447490931e-07 1.009607145687997296e-02 3.363849052152067848e-04 -4.000678163096336483e-03 1.394146140502220028e-02 -1.698659748472208797e-02 -7.598372720176606657e-03 8.253043813247554206e-03 2.215339498408130589e-02 -1.554562626468506369e-02 5.872177956604248544e-02 9.489963682278093962e-03 -3.685381855638764775e-02 6.537853630069512018e-05 -4.929122142972131937e-04 5.371409302597106826e-03 -1.035670555216040931e-03 7.551181922826675011e-03 7.115891053796039034e-02
