# logA ns theta_MC_100 ombh2 omch2 w wa beta_DE tau A_planck calib_100T calib_217T A_cib_217 xi_sz_cib A_sz ksz_norm gal545_A_100 gal545_A_143 gal545_A_143_217 gal545_A_217 ps_A_100_100 ps_A_143_143 ps_A_143_217 ps_A_217_217 galf_TE_A_100 galf_TE_A_100_143 galf_TE_A_100_217 galf_TE_A_143 galf_TE_A_143_217 galf_TE_A_217
1.876961435537032941e-04 1.745646128082975327e-05 9.300343830390215255e-07 5.561144125844323369e-07 -6.373826320068049400e-06 -1.735270624895708170e-04 6.596689476471658171e-05 1.301400910961099562e-02 9.795896228399508137e-05 2.658465849462336561e-06 4.556098139453220794e-08 -1.216730979876467310e-07 -3.791399316790282359e-03 1.694496732803705392e-04 1.148041573921922825e-03 -1.973492632800529726e-03 1.312953408290549160e-04 -6.977265105893078884e-04 -9.994894600306534344e-04 1.362557765776903937e-04 -2.058147356800719974e-02 -4.881582138867584728e-03 3.364493178886163779e-03 4.305156816204145157e-03 -2.941399255722227154e-06 -1.184750286279702504e-05 -9.554385423642380165e-06 -1.669969935594381308e-05 -2.056852341566362194e-05 -5.798266822146731011e-05
1.745646128082975327e-05 1.536226856183697364e-05 3.139909247343085168e-07 1.906994089866749877e-07 -2.647871901407520805e-06 -3.291275678565745559e-05 7.907592512737245203e-05 2.391428413920597580e-03 1.103825923516240616e-05 1.476683740999277881e-06 -6.617337901151204272e-08 -2.983734927935975089e-08 -4.696339986659883899e-03 1.310413063969856720e-04 1.038194064399951180e-03 -2.165352167350004242e-03 3.284949679900971793e-04 -3.815578813703736903e-04 -2.255468734972342862e-04 1.696354731108792174e-03 -2.318596137831173062e-02 -6.019021372749411465e-03 2.525464161263896602e-03 5.763297945944851654e-03 -2.197321105501651792e-06 -1.185638035485701331e-06 -1.429430264860023164e-06 -4.138068747481905476e-06 -2.766058871689908403e-06 -1.504921732187682595e-05
9.300343830390215255e-07 3.139909247343085168e-07 8.915025331308451886e-08 1.189123414019694502e-08 -7.486454176172222895e-08 -2.981819841944931593e-06 3.359469220746643372e-06 2.001662979593018382e-04 4.445557870415070716e-07 6.163676876130370054e-08 -2.251421684959118693e-09 -1.042437731642228957e-09 -1.112022870579707505e-05 2.651795272627407141e-08 1.238468604673749610e-05 -2.026535582462736155e-05 1.139115868786017471e-05 -3.522392145491611705e-06 -1.779658260119271258e-05 -1.046049581268606164e-05 -1.633738356441845146e-04 -1.917927836706815936e-05 2.962957461819841162e-05 3.627881736139827111e-05 -1.228538599664264904e-07 -1.236942386644702078e-08 -2.538476185355705830e-08 -2.070096127027578460e-07 -1.420242798224365743e-07 8.768563370168663370e-08
5.561144125844323369e-07 1.906994089866749877e-07 1.189123414019694502e-08 1.923304102803310537e-08 -6.649541740100307055e-08 -1.284440649611182662e-06 2.550029426315081387e-06 7.163050159079102771e-05 2.830911034061535754e-07 3.333017770985763055e-08 2.970796077917326339e-09 -1.517589021579102168e-09 -1.061547864849808880e-04 1.784750779651593128e-06 2.665588146422291337e-05 -3.227788238465358777e-05 1.078927593517265224e-06 -9.104717693529397246e-06 -8.678240011403742237e-06 3.121733441552274226e-05 -4.653727625817939651e-04 -2.162004024161103596e-04 -3.259151249959637062e-05 6.052573476324501247e-05 -1.369408879461634586e-07 -7.644998299516938851e-08 -1.420996792967239617e-07 -3.562042703972130876e-07 -2.679111843361404476e-07 -1.506455182141861869e-06
-6.373826320068049400e-06 -2.647871901407520805e-06 -7.486454176172222895e-08 -6.649541740100307055e-08 1.066497965229119028e-06 1.852217190490799563e-05 -3.629423600584206149e-05 -1.032070734271343547e-03 -3.684431291843904368e-06 -7.335115614437771375e-07 -5.674771860329397643e-09 -8.168337543311038704e-09 3.155977458323854694e-04 -1.178831495396810423e-05 -1.002756871714392421e-04 1.222675441006620815e-04 -3.726096027875656268e-05 3.782569300246329402e-05 1.950078479489288308e-05 -2.273420243539547045e-04 1.640453078951234923e-03 5.987663222379896889e-04 -8.674237516852731139e-05 -3.459517690661226296e-04 4.136835076893129760e-07 3.553782737873533669e-07 1.065240536761416618e-06 1.290693597186962562e-06 1.421959447769549617e-06 6.793762060151597811e-06
-1.735270624895708170e-04 -3.291275678565745559e-05 -2.981819841944931593e-06 -1.284440649611183086e-06 1.852217190490799563e-05 3.437256587392364254e-02 -1.312313071231455408e-01 -2.391268906928610549e-01 -6.604508248908408082e-05 -3.621470442124338448e-05 -1.454158053025779736e-07 -1.598147326119671080e-06 9.734735251105538709e-03 5.331610758737646280e-05 4.396058615149363302e-03 6.298102049099140853e-04 -7.749946256253414500e-04 -2.945015115165246309e-03 -1.517963603713848308e-02 -4.355116039278997958e-02 -3.467160932623009756e-02 -2.043130552128758978e-02 2.217678312287614875e-03 -2.915611777909509188e-03 3.453864925848723085e-05 6.256028814596872553e-05 -1.238361026986197345e-04 -3.796958457590161096e-06 -2.357515709523753304e-04 -6.041056897113729384e-05
6.596689476471662237e-05 7.907592512737245203e-05 3.359469220746643372e-06 2.550029426315081387e-06 -3.629423600584207504e-05 -1.312313071231455408e-01 9.396914710922095182e-01 -1.012673897139778623e+00 1.926635686771504088e-05 4.936163265167745539e-05 1.120679158779268909e-05 5.358756432824012899e-06 -6.380737850287362956e-02 -3.828329090712723898e-03 -1.781532678009479023e-02 5.079210598440434161e-03 -1.034626026518566458e-02 -1.783592853725995790e-03 5.062730987426234536e-02 1.507177117327000160e-01 5.135830930686990925e-01 3.822801220956292823e-02 -1.186928355068590790e-01 2.900400866457641252e-02 -2.471180284820884880e-04 -3.889124102284724407e-04 1.461293573349346743e-03 1.829904439614282025e-04 8.657479569707898738e-04 1.228148777318474648e-03
1.301400910961099562e-02 2.391428413920598014e-03 2.001662979593018382e-04 7.163050159079101416e-05 -1.032070734271343547e-03 -2.391268906928610549e-01 -1.012673897139778401e+00 1.813998981956762435e+01 6.178781785529526352e-03 1.335670321098343183e-03 -5.617692614837372994e-05 1.961009100864041289e-05 -3.709592417356546296e-02 3.283870272854572808e-02 1.937242603899128890e-01 -1.951775651440768311e-01 1.553986507194765609e-01 8.063396003305894899e-02 3.008492020884901419e-01 7.890164450980746702e-01 -3.226727013176391434e+00 8.814813084973392721e-02 1.149666458372689215e+00 2.140893185230882401e-01 -2.225822583818061733e-03 -1.249906689111439037e-04 -6.441506493656601329e-03 -2.063146747611678371e-03 -1.254657384251832994e-03 1.981456851105257815e-03
9.795896228399508137e-05 1.103825923516240786e-05 4.445557870415070716e-07 2.830911034061535754e-07 -3.684431291843904368e-06 -6.604508248908408082e-05 1.926635686771504088e-05 6.178781785529526352e-03 5.623047356265113814e-05 -2.617075157959659412e-06 -2.827587648939072362e-08 -4.727013721933118096e-08 -1.998762812184124056e-03 7.996264175761099249e-05 6.213522532134915528e-04 -7.762233716625324947e-04 2.685458218937167925e-04 -1.797337651664634290e-04 -5.007838227814416987e-04 -6.328810395483905641e-04 -1.353228212321002343e-02 -3.831702107231513364e-03 4.740836624920157080e-04 -1.113621153321650375e-05 -2.265193651304433679e-06 -5.520510574047706110e-06 -2.375652158495055461e-06 -7.357476798042373857e-06 -1.111332745181167665e-05 -4.354856161702382543e-05
2.658465849462336561e-06 1.476683740999277881e-06 6.163676876130370054e-08 3.333017770985763055e-08 -7.335115614437771375e-07 -3.621470442124338448e-05 4.936163265167745539e-05 1.335670321098343183e-03 -2.617075157959659412e-06 4.897293338801990143e-06 -7.574404645263497283e-09 8.400677728716203703e-09 5.659730427422698983e-04 3.139890959000753990e-06 7.896605556443653153e-05 2.039956178372791075e-06 -3.699833001543842556e-05 5.763391798209038938e-05 2.809397720129674578e-04 1.070795190616920288e-03 3.745907451258792195e-03 7.516740099393344303e-04 5.762990033934507284e-04 1.015445501475085001e-03 1.414926058994652445e-06 -7.505777260120336364e-07 -2.315521253666285450e-06 -2.561867141927731161e-06 5.527570317635602965e-07 9.337449887024944244e-06
4.556098139453220794e-08 -6.617337901151204272e-08 -2.251421684959118693e-09 2.970796077917326339e-09 -5.674771860329397643e-09 -1.454158053025782383e-07 1.120679158779268909e-05 -5.617692614837372994e-05 -2.827587648939074017e-08 -7.574404645263497283e-09 3.824684516329699889e-07 -4.089062076692724809e-09 -1.715033646321052047e-04 5.086098764899814811e-07 1.284989755084457795e-04 -7.231929997308796478e-05 1.809576978626104276e-04 -1.955830563326944643e-04 -3.310878760727046117e-05 1.752042539386874928e-05 3.636425232502101760e-03 -1.185669433324046080e-05 3.261312626991481455e-04 4.178142525185840812e-04 1.723103221216032155e-07 1.926136670235385326e-07 -9.871374214614156382e-07 6.494592731845591122e-07 4.444328765087624718e-07 -2.102373843888018823e-06
-1.216730979876467310e-07 -2.983734927935975089e-08 -1.042437731642228957e-09 -1.517589021579102168e-09 -8.168337543311038704e-09 -1.598147326119671080e-06 5.358756432824012899e-06 1.961009100864039595e-05 -4.727013721933118096e-08 8.400677728716203703e-09 -4.089062076692724809e-09 3.917747314427679736e-07 7.337799195632916651e-04 -2.379153440485948417e-06 -4.716642178899201391e-05 -8.737271929240135007e-06 -9.093580057843555486e-06 -4.237145179556210770e-05 4.146338802942458354e-04 9.367428082579562889e-04 5.764295845134543954e-04 1.001005304757769193e-04 -3.985503163855108459e-04 -1.357256712491864813e-03 -1.554410792643370567e-07 -1.294563740608905762e-07 -4.270194176111083552e-07 -1.398441932535405491e-07 3.700201353281083110e-07 -1.031240982036930614e-06
-3.791399316790282359e-03 -4.696339986659883899e-03 -1.112022870579707167e-05 -1.061547864849808880e-04 3.155977458323854694e-04 9.734735251105533504e-03 -6.380737850287364343e-02 -3.709592417356546989e-02 -1.998762812184124056e-03 5.659730427422698983e-04 -1.715033646321052047e-04 7.337799195632916651e-04 4.436140575412017029e+01 -4.085385426622856753e-01 -9.149392884945054538e-01 -4.236761260851414600e-03 1.550236073643930235e-01 4.395153733339891011e-01 -6.071418037376315802e+00 -3.350129013892104979e+01 3.578215097793507482e+01 1.281897004250041938e+00 -1.330685509639781117e+01 -5.481332666395338293e+01 5.074089533889365386e-03 5.796172345384821047e-04 1.475936241426747259e-02 -4.009071867784924116e-03 1.200395311080905414e-02 3.745084828197338400e-02
1.694496732803705392e-04 1.310413063969856720e-04 2.651795272627447177e-08 1.784750779651592917e-06 -1.178831495396810423e-05 5.331610758737619175e-05 -3.828329090712724765e-03 3.283870272854571420e-02 7.996264175761100604e-05 3.139890959000753567e-06 5.086098764899806341e-07 -2.379153440485948841e-06 -4.085385426622855087e-01 7.984782397906571572e-02 -4.338829053403854552e-02 5.264296951108313194e-02 -7.210074033736681327e-03 1.557808897069842650e-02 1.214656991099919148e-01 1.716875117244038851e-01 -5.646833743906009007e-01 8.641941351709284680e-01 1.620642123065715756e+00 6.138535139231999782e-01 -4.931982252668055651e-04 9.853082842337637290e-05 -3.996493155363419771e-04 2.463279299487737637e-04 -3.141280752895240710e-04 -4.408542462899738934e-04
1.148041573921922609e-03 1.038194064399951180e-03 1.238468604673749610e-05 2.665588146422291337e-05 -1.002756871714392557e-04 4.396058615149363302e-03 -1.781532678009479023e-02 1.937242603899128890e-01 6.213522532134914443e-04 7.896605556443653153e-05 1.284989755084457795e-04 -4.716642178899200713e-05 -9.149392884945054538e-01 -4.338829053403853858e-02 3.766167493132090982e+00 -2.609648975244301727e+00 -2.102639347984962548e-01 7.733426952812572086e-02 2.531957645505638066e+00 3.186035867141290279e+00 -2.964844605681983580e+01 -3.176945693002729776e+00 7.392322601018268102e+00 5.341318345141055524e+00 7.019590992236876353e-05 4.370328871218677317e-04 -5.907462388034950568e-04 2.295047381718154193e-03 -9.810958566911184061e-04 -3.466471018451252294e-03
-1.973492632800529726e-03 -2.165352167350004242e-03 -2.026535582462736155e-05 -3.227788238465358777e-05 1.222675441006621086e-04 6.298102049099135432e-04 5.079210598440438498e-03 -1.951775651440767478e-01 -7.762233716625323863e-04 2.039956178372799545e-06 -7.231929997308796478e-05 -8.737271929240135007e-06 -4.236761260851431947e-03 5.264296951108313194e-02 -2.609648975244301727e+00 5.611918677274825740e+00 1.420216676170402148e-01 -1.564573563018351876e-01 -2.019124990179259171e+00 -2.408351053314228274e+00 1.303226056001957112e+01 -4.938298480605806340e+00 -1.127407618144268042e+01 -9.104364954800407972e+00 -6.178528280106993995e-04 -4.097857025464352737e-04 1.530883967859131192e-03 -1.758120941638027920e-03 -1.959518772388338988e-03 -6.328840509969101309e-03
1.312953408290548076e-04 3.284949679900971793e-04 1.139115868786017471e-05 1.078927593517264801e-06 -3.726096027875656268e-05 -7.749946256253425342e-04 -1.034626026518566631e-02 1.553986507194765332e-01 2.685458218937168467e-04 -3.699833001543843233e-05 1.809576978626104276e-04 -9.093580057843553792e-06 1.550236073643930512e-01 -7.210074033736682195e-03 -2.102639347984963103e-01 1.420216676170402148e-01 3.306776390879296201e+00 5.317431604874578444e-01 7.521829153915521315e-02 4.111826213666790707e-03 -6.656479899363398900e+00 -5.548506072518878396e-01 -8.297124606068462249e-01 -6.028163702777502575e-01 -1.711229617361545875e-04 6.154471358817410580e-04 -2.173789706026406365e-03 2.475518139181432124e-04 -1.809295401772516721e-04 -8.715083906111092613e-03
-6.977265105893078884e-04 -3.815578813703736903e-04 -3.522392145491612976e-06 -9.104717693529398940e-06 3.782569300246330757e-05 -2.945015115165246309e-03 -1.783592853725998175e-03 8.063396003305890736e-02 -1.797337651664634832e-04 5.763391798209038938e-05 -1.955830563326944643e-04 -4.237145179556211448e-05 4.395153733339889901e-01 1.557808897069842650e-02 7.733426952812569311e-02 -1.564573563018351876e-01 5.317431604874578444e-01 3.223059189962863780e+00 2.732272942271732230e+00 2.844876524251258143e+00 6.335267843788118469e+00 -1.274953914969980895e+00 -7.601644999161241145e-01 -1.229569944904705281e+00 9.044366402799158908e-04 -4.964033468675713520e-05 8.111505474413688863e-05 -9.183859033653935067e-06 3.090525975110863365e-03 1.402257935964493392e-02
-9.994894600306534344e-04 -2.255468734972343404e-04 -1.779658260119271258e-05 -8.678240011403742237e-06 1.950078479489288308e-05 -1.517963603713848482e-02 5.062730987426235923e-02 3.008492020884901419e-01 -5.007838227814416987e-04 2.809397720129674578e-04 -3.310878760727045439e-05 4.146338802942458354e-04 -6.071418037376315802e+00 1.214656991099919287e-01 2.531957645505638066e+00 -2.019124990179259171e+00 7.521829153915521315e-02 2.732272942271732230e+00 1.091328768861707843e+01 1.971834190654226759e+01 -1.119918486521710754e+01 3.641257172657348828e+00 4.822632437652059068e+00 5.539647752072514919e+00 1.589810125389351774e-03 1.756023707113055611e-03 -3.346440861801468734e-03 1.265689740523073814e-03 -2.612625909304858119e-04 1.273981055452856788e-02
1.362557765776903124e-04 1.696354731108792174e-03 -1.046049581268606164e-05 3.121733441552274903e-05 -2.273420243539547045e-04 -4.355116039278997958e-02 1.507177117327000437e-01 7.890164450980747812e-01 -6.328810395483906726e-04 1.070795190616920288e-03 1.752042539386874251e-05 9.367428082579562889e-04 -3.350129013892104979e+01 1.716875117244038851e-01 3.186035867141289835e+00 -2.408351053314228274e+00 4.111826213666799380e-03 2.844876524251258143e+00 1.971834190654226759e+01 5.445923175099596136e+01 -2.273131935633851342e+01 5.002951606052413958e+00 8.310746160843555330e+00 3.334010049959847066e+01 1.686979711580249494e-03 8.054458829641561197e-04 -1.322181412637695765e-02 2.405766454765501019e-03 -8.151717615869436342e-03 -7.910698773724503599e-03
-2.058147356800719974e-02 -2.318596137831173062e-02 -1.633738356441845146e-04 -4.653727625817939651e-04 1.640453078951234923e-03 -3.467160932623011144e-02 5.135830930686990925e-01 -3.226727013176390990e+00 -1.353228212321002516e-02 3.745907451258792195e-03 3.636425232502101760e-03 5.764295845134543954e-04 3.578215097793507482e+01 -5.646833743906011227e-01 -2.964844605681983580e+01 1.303226056001957112e+01 -6.656479899363398900e+00 6.335267843788118469e+00 -1.119918486521710754e+01 -2.273131935633851342e+01 7.703161055781345112e+02 6.527220145630201387e+01 -5.490554662538736608e+01 -6.081485476896835252e+01 2.960591869057153241e-02 -3.359424603785991868e-03 1.459805325028714143e-02 -2.047346470944293173e-02 4.427672441846317725e-02 8.197134021789206915e-02
-4.881582138867584728e-03 -6.019021372749411465e-03 -1.917927836706815936e-05 -2.162004024161103596e-04 5.987663222379895804e-04 -2.043130552128760713e-02 3.822801220956295598e-02 8.814813084973392721e-02 -3.831702107231512496e-03 7.516740099393344303e-04 -1.185669433324046080e-05 1.001005304757769058e-04 1.281897004250041938e+00 8.641941351709284680e-01 -3.176945693002729776e+00 -4.938298480605806340e+00 -5.548506072518878396e-01 -1.274953914969980895e+00 3.641257172657348828e+00 5.002951606052413958e+00 6.527220145630201387e+01 6.047907149810444594e+01 3.868465646573917383e+01 1.489896123902312830e+01 -2.067512514140638566e-03 4.053731771796314012e-03 -2.969850848464411584e-03 5.129405349480697061e-03 7.606421287020362701e-03 3.121519699300781027e-03
3.364493178886163779e-03 2.525464161263895734e-03 2.962957461819839468e-05 -3.259151249959636384e-05 -8.674237516852731139e-05 2.217678312287617044e-03 -1.186928355068590513e-01 1.149666458372688993e+00 4.740836624920154369e-04 5.762990033934507284e-04 3.261312626991481455e-04 -3.985503163855108459e-04 -1.330685509639781117e+01 1.620642123065715756e+00 7.392322601018268102e+00 -1.127407618144268042e+01 -8.297124606068462249e-01 -7.601644999161238925e-01 4.822632437652059068e+00 8.310746160843555330e+00 -5.490554662538736608e+01 3.868465646573917383e+01 8.157605852033378824e+01 5.171047001955020761e+01 -9.997088871974124311e-03 2.803745096265196184e-03 -1.062362239915751704e-02 1.317564153414502864e-02 -3.500689126627174862e-03 -4.921392795403296307e-03
4.305156816204146024e-03 5.763297945944851654e-03 3.627881736139827111e-05 6.052573476324501247e-05 -3.459517690661226296e-04 -2.915611777909504852e-03 2.900400866457643681e-02 2.140893185230881846e-01 -1.113621153321636822e-05 1.015445501475084784e-03 4.178142525185840812e-04 -1.357256712491864813e-03 -5.481332666395338293e+01 6.138535139231999782e-01 5.341318345141055524e+00 -9.104364954800407972e+00 -6.028163702777502575e-01 -1.229569944904705947e+00 5.539647752072514919e+00 3.334010049959847066e+01 -6.081485476896835252e+01 1.489896123902312830e+01 5.171047001955020761e+01 1.026415594613068407e+02 -5.891119376243500114e-03 6.759043617316083193e-06 -2.081007640913394921e-02 1.152071551497309450e-02 -1.203450801847339401e-02 -3.008415143052789453e-02
-2.941399255722227154e-06 -2.197321105501651792e-06 -1.228538599664265169e-07 -1.369408879461634586e-07 4.136835076893129760e-07 3.453864925848723762e-05 -2.471180284820885965e-04 -2.225822583818059999e-03 -2.265193651304433255e-06 1.414926058994652657e-06 1.723103221216032420e-07 -1.554410792643371096e-07 5.074089533889367988e-03 -4.931982252668055651e-04 7.019590992236910234e-05 -6.178528280106998331e-04 -1.711229617361545061e-04 9.044366402799157824e-04 1.589810125389351991e-03 1.686979711580250578e-03 2.960591869057152895e-02 -2.067512514140639433e-03 -9.997088871974124311e-03 -5.891119376243499246e-03 1.445291892700392364e-03 2.661931174001276688e-04 1.540064819161260801e-04 -3.925562228951877809e-04 -6.902223135392278580e-05 -1.425070705203808721e-04
-1.184750286279702335e-05 -1.185638035485701543e-06 -1.236942386644701747e-08 -7.644998299516938851e-08 3.553782737873534727e-07 6.256028814596869842e-05 -3.889124102284727117e-04 -1.249906689111440392e-04 -5.520510574047706110e-06 -7.505777260120335305e-07 1.926136670235384797e-07 -1.294563740608906556e-07 5.796172345384817794e-04 9.853082842337637290e-05 4.370328871218675149e-04 -4.097857025464353821e-04 6.154471358817412748e-04 -4.964033468675723684e-05 1.756023707113055395e-03 8.054458829641557944e-04 -3.359424603785992301e-03 4.053731771796313145e-03 2.803745096265196184e-03 6.759043617316626141e-06 2.661931174001277230e-04 8.735870980566964395e-04 3.342885040197123275e-05 7.337831273941431993e-04 9.764965908190995189e-05 -5.783384097904540298e-04
-9.554385423642371695e-06 -1.429430264860022529e-06 -2.538476185355711786e-08 -1.420996792967239617e-07 1.065240536761416829e-06 -1.238361026986197345e-04 1.461293573349346309e-03 -6.441506493656601329e-03 -2.375652158495053767e-06 -2.315521253666286297e-06 -9.871374214614158500e-07 -4.270194176111083022e-07 1.475936241426747432e-02 -3.996493155363419229e-04 -5.907462388034944063e-04 1.530883967859130541e-03 -2.173789706026406365e-03 8.111505474413695639e-05 -3.346440861801469602e-03 -1.322181412637696112e-02 1.459805325028714143e-02 -2.969850848464412017e-03 -1.062362239915752397e-02 -2.081007640913394921e-02 1.540064819161260801e-04 3.342885040197123275e-05 7.354253996237637356e-03 -3.831842606083737577e-04 6.276269089292310860e-04 4.725966542357138214e-03
-1.669969935594381647e-05 -4.138068747481904629e-06 -2.070096127027578460e-07 -3.562042703972130876e-07 1.290693597186962562e-06 -3.796958457590203447e-06 1.829904439614282838e-04 -2.063146747611677503e-03 -7.357476798042376398e-06 -2.561867141927731585e-06 6.494592731845592181e-07 -1.398441932535403638e-07 -4.009071867784923249e-03 2.463279299487738721e-04 2.295047381718154193e-03 -1.758120941638027486e-03 2.475518139181429413e-04 -9.183859033653731779e-06 1.265689740523073814e-03 2.405766454765501453e-03 -2.047346470944293173e-02 5.129405349480695327e-03 1.317564153414503211e-02 1.152071551497309103e-02 -3.925562228951877809e-04 7.337831273941431993e-04 -3.831842606083738119e-04 2.896418491735957071e-03 5.543206442555721411e-04 -9.302961843515038416e-04
-2.056852341566362194e-05 -2.766058871689908403e-06 -1.420242798224365743e-07 -2.679111843361403946e-07 1.421959447769549617e-06 -2.357515709523753304e-04 8.657479569707898738e-04 -1.254657384251832777e-03 -1.111332745181167665e-05 5.527570317635607200e-07 4.444328765087624718e-07 3.700201353281082051e-07 1.200395311080905587e-02 -3.141280752895240168e-04 -9.810958566911184061e-04 -1.959518772388338555e-03 -1.809295401772515366e-04 3.090525975110863365e-03 -2.612625909304867335e-04 -8.151717615869438077e-03 4.427672441846318419e-02 7.606421287020366170e-03 -3.500689126627170526e-03 -1.203450801847339921e-02 -6.902223135392279935e-05 9.764965908190995189e-05 6.276269089292309776e-04 5.543206442555721411e-04 6.376047907643589766e-03 7.752184750217984595e-03
-5.798266822146731688e-05 -1.504921732187682595e-05 8.768563370168663370e-08 -1.506455182141861869e-06 6.793762060151597811e-06 -6.041056897113739548e-05 1.228148777318475299e-03 1.981456851105254345e-03 -4.354856161702381188e-05 9.337449887024942550e-06 -2.102373843888019246e-06 -1.031240982036931249e-06 3.745084828197340482e-02 -4.408542462899734597e-04 -3.466471018451251860e-03 -6.328840509969103911e-03 -8.715083906111092613e-03 1.402257935964493392e-02 1.273981055452856788e-02 -7.910698773724507069e-03 8.197134021789206915e-02 3.121519699300787532e-03 -4.921392795403300643e-03 -3.008415143052789453e-02 -1.425070705203808721e-04 -5.783384097904540298e-04 4.725966542357138214e-03 -9.302961843515038416e-04 7.752184750217984595e-03 7.144234204311693259e-02
