# logA ns theta_MC_100 ombh2 omch2 w wa beta_DE tau A_planck calib_100T calib_217T A_cib_217 xi_sz_cib A_sz ksz_norm gal545_A_100 gal545_A_143 gal545_A_143_217 gal545_A_217 ps_A_100_100 ps_A_143_143 ps_A_143_217 ps_A_217_217 galf_TE_A_100 galf_TE_A_100_143 galf_TE_A_100_217 galf_TE_A_143 galf_TE_A_143_217 galf_TE_A_217
1.822266320579918417e-04 1.455998403491459382e-05 8.139901204120722217e-07 4.805102292570465900e-07 -5.297835986760988173e-06 -5.833213307369638926e-04 6.019459998366610528e-04 7.774498137873864581e-03 9.501827934169344381e-05 2.017154833507508144e-06 -1.949668864357156653e-07 9.886361683092037327e-09 -2.652647646116386686e-03 -1.705591306823011938e-05 8.737261102132580243e-04 -1.000645209884462985e-03 -5.517570101913312278e-04 2.950181321182173810e-04 5.286395467951221115e-04 1.631262410420118540e-03 -1.340069023507439554e-02 -7.760190728868071944e-03 -4.485502568378392681e-03 7.540308424093047912e-04 5.849864405419936957e-06 -1.119182845325260716e-05 -2.426494705564435288e-05 -3.650427908407570228e-05 -2.216257053859517771e-05 -3.439569315073343054e-05
1.455998403491459382e-05 1.457717537585246930e-05 2.769144586980286627e-07 1.836644004675406847e-07 -2.404309828624883389e-06 -1.019775920170995444e-04 1.611922835878059864e-04 1.785483144481241459e-03 9.291441325942283893e-06 1.477737224153732230e-06 1.224664407742625543e-08 -5.585099622431448152e-08 -3.797787068214584540e-03 1.098577367693359859e-04 1.087764842248396639e-03 -2.411924112877664866e-03 1.734728380570879549e-04 -3.682712923880723972e-04 -3.790993706197748163e-04 1.005763547210452528e-03 -2.213279791248773040e-02 -5.776951713830323631e-03 2.697972559460539831e-03 5.356435208266882575e-03 -1.238771210466853501e-06 -5.501078744520904000e-07 -3.147744446453185949e-06 -6.976372539075029589e-06 -2.118789536986375049e-06 1.576362726638709803e-05
8.139901204120722217e-07 2.769144586980286627e-07 8.573029467152845690e-08 1.122843254311775086e-08 -7.054493176702794765e-08 -7.663680371716779656e-06 1.196920264437205706e-05 9.703250809086826306e-05 3.829864689989425519e-07 6.377977326372791993e-08 2.461449330596702170e-09 3.671956118988856372e-09 -2.185377252401651010e-05 -1.853679205575795250e-07 1.350090293270455844e-05 9.766588370850835877e-06 -6.785202068262988636e-06 -1.409588943384059730e-05 -7.133740989323724472e-06 5.502195725925634296e-06 -2.217064171004296154e-04 -6.474763902593504085e-05 -9.558060244051826780e-06 3.086522616224733991e-05 1.853629919128343683e-07 -1.002920878541401032e-07 2.780516981203761901e-07 -3.456253101969455223e-07 -4.295585580106121582e-07 9.260034682552461662e-08
4.805102292570465900e-07 1.836644004675406847e-07 1.122843254311775086e-08 1.884261698944640529e-08 -6.438432915390513709e-08 -3.769881904475025080e-06 7.426148266224796084e-06 6.528481357704321228e-05 2.361592503734808056e-07 3.622893939535891811e-08 5.591150029325498318e-09 -6.102337393985431048e-10 -7.503735203903544857e-05 2.150432619545416841e-06 2.182678565930310538e-05 -4.233689113875159960e-05 -2.096815485650047532e-06 -1.506536259353668848e-05 -1.435269482845670249e-05 7.551827339016229596e-06 -3.535543288334005150e-04 -1.872550618431499268e-04 -2.965994101448535020e-05 3.482642224747692095e-05 -2.361621095359967306e-08 -1.816590614072495585e-07 -4.174539109354394616e-08 -4.879710868779189086e-07 -4.521431198585030000e-07 -1.233558487968638721e-06
-5.297835986760988173e-06 -2.404309828624883389e-06 -7.054493176702794765e-08 -6.438432915390513709e-08 9.867462094697490447e-07 5.297686854679093494e-05 -9.077318395185840450e-05 -7.774031654230231228e-04 -3.079784895624404401e-06 -7.039261326899866616e-07 -2.530734639559806984e-08 2.198499070715099295e-09 1.046670467452267411e-04 -9.763240207405274160e-07 -1.327306446879278638e-04 1.829826016501124252e-04 3.510672002696928022e-05 2.607914650793522108e-05 -2.448531920369787076e-05 -1.361946204520356055e-04 1.450720054097279135e-03 6.083534318926859565e-04 6.105158619236742844e-05 -2.732006466715007176e-04 -9.230151975035475447e-08 6.554188571562265565e-07 7.027867984807287188e-07 3.022686432860557308e-06 2.431997924747094341e-06 -9.755626777721434341e-07
-5.833213307369640010e-04 -1.019775920170995444e-04 -7.663680371716779656e-06 -3.769881904475023810e-06 5.297686854679093494e-05 8.938833870625627342e-02 -2.152268230693137330e-01 -4.170797175444453941e-01 -2.676299596708010733e-04 -7.495926107830059204e-05 3.745640791341165236e-08 3.365933076981255859e-06 3.431521943426550647e-02 -1.238514223452655922e-03 5.324678885677396880e-04 4.795812677362285177e-03 6.248557142837589916e-03 -7.144433395483429372e-03 -2.262326445648030551e-02 -5.411627512777011234e-02 -5.072296506705139402e-02 -2.859462513189242952e-02 -4.495127879880100874e-02 -6.687231887755010207e-02 4.638943603886726405e-04 4.470927668289115040e-06 -2.466100738416338966e-04 2.206247644365227022e-04 -2.815454778985656799e-04 9.990504615247502995e-04
6.019459998366608359e-04 1.611922835878059864e-04 1.196920264437205198e-05 7.426148266224797778e-06 -9.077318395185840450e-05 -2.152268230693136775e-01 9.424032888846149980e-01 -1.420781534931345180e-01 2.722838891218939028e-04 1.065453689496938933e-04 -8.138573245617956834e-06 -2.979591349618058009e-06 -2.014599625096817059e-01 5.687038444689936079e-03 6.893098962960252617e-03 -1.321573532447130675e-02 -3.611954706897289868e-02 7.316667094912368552e-03 1.094369166531288101e-01 2.971910208856820002e-01 6.018884043130041939e-02 8.417228247385716289e-02 1.860184871201603640e-01 2.374495114966165554e-01 -1.089300593794205940e-03 4.293203523127086456e-04 -4.745606849163737351e-04 1.980762897697914058e-04 7.127189131107027065e-04 -7.166055507516192434e-03
7.774498137873864581e-03 1.785483144481241676e-03 9.703250809086826306e-05 6.528481357704319873e-05 -7.774031654230231228e-04 -4.170797175444453941e-01 -1.420781534931345458e-01 8.420515843309603454e+00 3.628004611987937968e-03 1.050414327593350182e-03 2.319273501606004093e-05 1.084341381245173023e-05 5.269698591603784177e-01 -1.757041899288965675e-02 1.241315686656038336e-01 -3.085834895216245100e-01 7.980685329916636928e-02 2.534556147686520267e-02 -5.461183960790133574e-02 -2.343136524851661961e-01 -4.575809936059940242e-01 -4.889681781177060982e-01 -1.756286744312884340e-01 -1.645132287360565604e-01 -2.362694282660344602e-03 -3.352525671575076662e-03 -1.402178525399541817e-03 -5.126405364485825747e-03 -2.231087890953546704e-03 9.402557039209220695e-04
9.501827934169344381e-05 9.291441325942283893e-06 3.829864689989425519e-07 2.361592503734808056e-07 -3.079784895624404401e-06 -2.676299596708010733e-04 2.722838891218939570e-04 3.628004611987937968e-03 5.461669921293094273e-05 -2.993515255320898194e-06 -1.336511054093935166e-07 -3.709786330257644691e-09 -1.085831992473513304e-03 -1.850003404836579685e-05 4.480449039556934289e-04 -4.231635678728365912e-04 -1.616502578600852798e-04 3.473007913483527713e-04 2.914746561598576305e-04 6.693324490720366584e-05 -8.262538965571487176e-03 -4.844452308372677179e-03 -3.319895318471119926e-03 -1.975438510458065507e-03 5.606158321868202530e-06 -5.081633160763956575e-06 -1.604768311905047296e-05 -1.777852444505906759e-05 -1.269719160563397462e-05 -1.657337876467709532e-05
2.017154833507508144e-06 1.477737224153732230e-06 6.377977326372791993e-08 3.622893939535891811e-08 -7.039261326899866616e-07 -7.495926107830061915e-05 1.065453689496938933e-04 1.050414327593350182e-03 -2.993515255320898194e-06 4.982251198743457686e-06 -1.257497590720908487e-08 1.078264719239147001e-08 4.665109370372217995e-04 -1.431860633485409287e-05 1.358472194583736222e-04 7.835854448384551338e-05 -7.040915573780649342e-07 7.531867399339894681e-05 2.725480632822760733e-04 1.002319412787571265e-03 2.494679572326944164e-03 3.911231568559194230e-04 1.890840066301051911e-04 1.215968946794450346e-03 -3.408432069127972301e-06 -1.333574546929933355e-06 4.890405821077184662e-06 -3.964161819370940056e-06 1.380848586118515830e-06 8.931202624085114448e-06
-1.949668864357156653e-07 1.224664407742625543e-08 2.461449330596702170e-09 5.591150029325498318e-09 -2.530734639559806984e-08 3.745640791341140090e-08 -8.138573245617956834e-06 2.319273501606004093e-05 -1.336511054093935166e-07 -1.257497590720908487e-08 3.868864599896808246e-07 -2.044806729374650842e-09 -2.909128171919580326e-04 2.944281600242717799e-06 1.224608318602868611e-04 -9.027797054740465418e-05 1.962325041200840706e-04 -2.137935516479486662e-04 -7.444682335426326626e-05 9.454667302444621797e-05 3.623874787049619073e-03 2.782774921702752232e-05 4.617758324363637531e-04 5.763823725182081869e-04 -9.363066326378110278e-08 2.644279014158084758e-07 1.843127626498533925e-07 3.826928255207391517e-07 -1.453015499683952954e-06 1.368340403425564191e-06
9.886361683092037327e-09 -5.585099622431448152e-08 3.671956118988856372e-09 -6.102337393985431048e-10 2.198499070715099295e-09 3.365933076981255012e-06 -2.979591349618058009e-06 1.084341381245173870e-05 -3.709786330257636833e-09 1.078264719239147001e-08 -2.044806729374650842e-09 3.985942870791158000e-07 7.400834397707385919e-04 3.815965985467333631e-06 -4.915023287749046649e-05 2.664841668289729234e-05 -2.917662509928644027e-05 -5.528480530531032548e-05 4.041992911849710975e-04 9.213190522555451392e-04 9.087428374874118118e-04 9.366865765906374824e-05 -3.266648174111939093e-04 -1.382024950005785119e-03 1.113683250536981527e-07 1.014297926885230021e-07 -8.772804966712961934e-07 1.107522724474258765e-07 -3.808982414610658160e-07 -3.763775439146845678e-06
-2.652647646116386686e-03 -3.797787068214584540e-03 -2.185377252401651688e-05 -7.503735203903544857e-05 1.046670467452267682e-04 3.431521943426549953e-02 -2.014599625096817059e-01 5.269698591603784177e-01 -1.085831992473513304e-03 4.665109370372217453e-04 -2.909128171919580326e-04 7.400834397707385919e-04 4.466985261910275540e+01 -4.124312894892157022e-01 -9.574406676354519918e-01 5.157971599646199445e-02 -2.581736960509843810e-03 4.290177842472168157e-01 -5.964140499913798799e+00 -3.361127882050639926e+01 3.231800117830489683e+01 1.177094645151451457e+00 -1.428707484699980057e+01 -5.606371531744579073e+01 -9.532666464649884510e-04 -1.371781970022139955e-03 1.621905412360886284e-02 1.130736915356680885e-03 9.075301023577894005e-03 4.577245586333706512e-02
-1.705591306823010244e-05 1.098577367693359994e-04 -1.853679205575795780e-07 2.150432619545416841e-06 -9.763240207405274160e-07 -1.238514223452655489e-03 5.687038444689936079e-03 -1.757041899288965675e-02 -1.850003404836580702e-05 -1.431860633485408779e-05 2.944281600242717375e-06 3.815965985467334478e-06 -4.124312894892157022e-01 8.170883376139707888e-02 -4.785324719532513260e-02 2.306959418885732097e-02 4.107943555849563068e-04 2.087304227565967008e-02 1.061522106025359624e-01 1.506099818306215476e-01 -5.719759577453372712e-01 9.244109713622495894e-01 1.702054889748330524e+00 6.843573722448590413e-01 -1.043488183889700879e-04 -1.217475897168887773e-04 -4.359207855448493977e-04 -1.677745963537440391e-05 1.256827030662979771e-04 -2.584840850619510300e-03
8.737261102132580243e-04 1.087764842248396639e-03 1.350090293270456183e-05 2.182678565930310538e-05 -1.327306446879278367e-04 5.324678885677389291e-04 6.893098962960257821e-03 1.241315686656038336e-01 4.480449039556933205e-04 1.358472194583736222e-04 1.224608318602868611e-04 -4.915023287749047327e-05 -9.574406676354519918e-01 -4.785324719532513260e-02 3.900634520986935971e+00 -2.778499572724819622e+00 -6.709705581470684632e-02 2.186484271999040996e-01 2.768734694828367093e+00 3.502143514619953102e+00 -3.100212525978938416e+01 -3.205831043764280519e+00 7.785893964515336663e+00 5.675367535217986870e+00 -8.482440036561679844e-04 -4.943339179734033582e-04 -3.755274817162315855e-04 -4.702110478609268659e-04 -2.759092167663481504e-03 2.663968140306949175e-04
-1.000645209884463201e-03 -2.411924112877664866e-03 9.766588370850832489e-06 -4.233689113875159960e-05 1.829826016501124252e-04 4.795812677362286912e-03 -1.321573532447131195e-02 -3.085834895216244544e-01 -4.231635678728365912e-04 7.835854448384555403e-05 -9.027797054740466774e-05 2.664841668289729234e-05 5.157971599646204997e-02 2.306959418885732790e-02 -2.778499572724819622e+00 5.782633212025740654e+00 -9.793410575489376602e-02 -2.503397266352649919e-01 -2.131226227390670580e+00 -2.375963794043822297e+00 1.477350478625455388e+01 -4.641536884818910913e+00 -1.232607543732942190e+01 -9.539459389424266078e+00 6.175268491257612097e-04 -1.296093165481849475e-04 1.577033213397787108e-03 1.856450612092396240e-04 -1.532695043383368013e-03 -8.249118533389854582e-03
-5.517570101913312278e-04 1.734728380570880091e-04 -6.785202068262989483e-06 -2.096815485650048379e-06 3.510672002696928700e-05 6.248557142837586446e-03 -3.611954706897287787e-02 7.980685329916636928e-02 -1.616502578600853069e-04 -7.040915573780609108e-07 1.962325041200840706e-04 -2.917662509928644027e-05 -2.581736960509831667e-03 4.107943555849573368e-04 -6.709705581470683244e-02 -9.793410575489375214e-02 3.455786427084781121e+00 5.510844206363387787e-01 2.938000310229254564e-01 3.777683915896385414e-01 -7.000077816274666631e+00 -3.404863610942574642e-02 1.975478709772839417e-02 1.570872905104693171e-02 -1.136045192208081723e-03 4.427361320244236720e-04 -1.449928958819460744e-03 -2.178791993134521036e-03 -2.054729380556293006e-03 -1.273585135571894851e-02
2.950181321182173810e-04 -3.682712923880724514e-04 -1.409588943384059391e-05 -1.506536259353668679e-05 2.607914650793522108e-05 -7.144433395483430239e-03 7.316667094912368552e-03 2.534556147686518532e-02 3.473007913483527713e-04 7.531867399339896036e-05 -2.137935516479486933e-04 -5.528480530531032548e-05 4.290177842472167047e-01 2.087304227565966661e-02 2.186484271999041273e-01 -2.503397266352649919e-01 5.510844206363387787e-01 3.187645601660862305e+00 2.847986462605880398e+00 2.812702600866999969e+00 4.048572210921482117e+00 -1.042946389415952746e+00 -3.068830376655823922e-01 -8.320843421626757941e-01 -6.494585246160088391e-04 -1.133918850208458576e-03 -1.550993416975162808e-03 -1.183237376907158656e-03 4.147618156357514227e-03 6.896389302916801183e-03
5.286395467951222199e-04 -3.790993706197749789e-04 -7.133740989323722778e-06 -1.435269482845670419e-05 -2.448531920369787415e-05 -2.262326445648030898e-02 1.094369166531288101e-01 -5.461183960790136349e-02 2.914746561598574679e-04 2.725480632822760733e-04 -7.444682335426326626e-05 4.041992911849710975e-04 -5.964140499913797910e+00 1.061522106025359624e-01 2.768734694828367093e+00 -2.131226227390670580e+00 2.938000310229254564e-01 2.847986462605880398e+00 1.112296184300510582e+01 1.978124215640968231e+01 -1.435313434056457993e+01 3.267058069334185078e+00 5.163723603989686772e+00 5.974957671555188199e+00 -2.088954507263311288e-03 -5.178710711520157460e-04 -7.229246762639546936e-03 -6.358550702396040938e-05 1.195220183070455806e-03 -3.519631511725898262e-03
1.631262410420118540e-03 1.005763547210452528e-03 5.502195725925618202e-06 7.551827339016225361e-06 -1.361946204520356055e-04 -5.411627512777013316e-02 2.971910208856820557e-01 -2.343136524851663072e-01 6.693324490720340835e-05 1.002319412787571265e-03 9.454667302444621797e-05 9.213190522555451392e-04 -3.361127882050639926e+01 1.506099818306215476e-01 3.502143514619951770e+00 -2.375963794043822741e+00 3.777683915896385969e-01 2.812702600866999969e+00 1.978124215640968231e+01 5.453889089488107089e+01 -2.448294629748884788e+01 3.906371519723660146e+00 8.964957430412656691e+00 3.451009098297399902e+01 -2.292427843521218679e-03 1.509294610938885419e-03 -1.609427686481242764e-02 1.004935010772501150e-03 -3.649421662209737481e-03 -4.216255223080567216e-02
-1.340069023507439380e-02 -2.213279791248773040e-02 -2.217064171004296154e-04 -3.535543288334005150e-04 1.450720054097279135e-03 -5.072296506705138708e-02 6.018884043130037081e-02 -4.575809936059948568e-01 -8.262538965571488911e-03 2.494679572326944164e-03 3.623874787049619073e-03 9.087428374874118118e-04 3.231800117830489683e+01 -5.719759577453372712e-01 -3.100212525978938771e+01 1.477350478625455388e+01 -7.000077816274666631e+00 4.048572210921482117e+00 -1.435313434056457993e+01 -2.448294629748884788e+01 7.780280962149511197e+02 6.797660435446833560e+01 -5.677462717101725787e+01 -5.667890961182459364e+01 1.734376271144608128e-02 2.156401953069736043e-03 3.777006963595572198e-02 6.290503575385579700e-03 2.597265332668795626e-02 2.201951667557154046e-01
-7.760190728868071076e-03 -5.776951713830323631e-03 -6.474763902593506796e-05 -1.872550618431499268e-04 6.083534318926859565e-04 -2.859462513189242605e-02 8.417228247385719064e-02 -4.889681781177061537e-01 -4.844452308372677179e-03 3.911231568559193688e-04 2.782774921702753926e-05 9.366865765906373469e-05 1.177094645151451457e+00 9.244109713622495894e-01 -3.205831043764280519e+00 -4.641536884818910913e+00 -3.404863610942578805e-02 -1.042946389415952524e+00 3.267058069334185078e+00 3.906371519723660146e+00 6.797660435446833560e+01 5.982777376562326310e+01 3.998847079112709224e+01 1.568475472229686751e+01 2.264929886544544534e-03 1.881789049108197791e-03 3.059359229739988528e-03 3.877773334380473554e-03 1.583574338290832766e-03 -7.054981238599487489e-03
-4.485502568378392681e-03 2.697972559460539831e-03 -9.558060244051840332e-06 -2.965994101448534342e-05 6.105158619236744199e-05 -4.495127879880102262e-02 1.860184871201604195e-01 -1.756286744312884895e-01 -3.319895318471119926e-03 1.890840066301051911e-04 4.617758324363638073e-04 -3.266648174111939093e-04 -1.428707484699980057e+01 1.702054889748330524e+00 7.785893964515336663e+00 -1.232607543732942190e+01 1.975478709772844274e-02 -3.068830376655824477e-01 5.163723603989686772e+00 8.964957430412656691e+00 -5.677462717101725787e+01 3.998847079112709224e+01 8.651086753546614716e+01 5.569276510417669357e+01 -1.855566983037003912e-03 -1.949202387791683670e-03 -7.406542970434136161e-03 1.999342070625050819e-03 -3.015329827006003362e-04 -5.993689734830166121e-02
7.540308424093042491e-04 5.356435208266882575e-03 3.086522616224734669e-05 3.482642224747692773e-05 -2.732006466715007718e-04 -6.687231887755011595e-02 2.374495114966164722e-01 -1.645132287360564216e-01 -1.975438510458065074e-03 1.215968946794450346e-03 5.763823725182081869e-04 -1.382024950005785119e-03 -5.606371531744579073e+01 6.843573722448590413e-01 5.675367535217986870e+00 -9.539459389424266078e+00 1.570872905104690742e-02 -8.320843421626757941e-01 5.974957671555188199e+00 3.451009098297399902e+01 -5.667890961182459364e+01 1.568475472229686751e+01 5.569276510417669357e+01 1.061890276095983552e+02 -4.638343990219007443e-04 5.602279962792541378e-04 -1.578964855131722092e-02 -1.628244989516110372e-03 -6.245508759350099602e-03 -1.830594115125577098e-02
5.849864405419936110e-06 -1.238771210466852654e-06 1.853629919128343418e-07 -2.361621095359967306e-08 -9.230151975035472800e-08 4.638943603886725863e-04 -1.089300593794205940e-03 -2.362694282660342867e-03 5.606158321868199989e-06 -3.408432069127972301e-06 -9.363066326378110278e-08 1.113683250536981130e-07 -9.532666464649882342e-04 -1.043488183889700879e-04 -8.482440036561682013e-04 6.175268491257613181e-04 -1.136045192208081723e-03 -6.494585246160089476e-04 -2.088954507263310854e-03 -2.292427843521218245e-03 1.734376271144608128e-02 2.264929886544543233e-03 -1.855566983037004562e-03 -4.638343990219007443e-04 1.524171745760761684e-03 2.717803446940066309e-04 1.648230699573091011e-04 -3.490175457809831477e-04 -1.238974638445830328e-04 -4.593110502224867400e-05
-1.119182845325260716e-05 -5.501078744520909294e-07 -1.002920878541401164e-07 -1.816590614072495585e-07 6.554188571562267682e-07 4.470927668289123511e-06 4.293203523127085371e-04 -3.352525671575076662e-03 -5.081633160763956575e-06 -1.333574546929933355e-06 2.644279014158085817e-07 1.014297926885228830e-07 -1.371781970022139521e-03 -1.217475897168886960e-04 -4.943339179734033582e-04 -1.296093165481853270e-04 4.427361320244236720e-04 -1.133918850208459009e-03 -5.178710711520157460e-04 1.509294610938885419e-03 2.156401953069736043e-03 1.881789049108198008e-03 -1.949202387791684104e-03 5.602279962792533789e-04 2.717803446940066309e-04 8.595821298958361773e-04 8.356925157611960205e-06 7.488705580173310233e-04 8.345983759830511513e-05 -4.558841456243442765e-04
-2.426494705564435288e-05 -3.147744446453184255e-06 2.780516981203761372e-07 -4.174539109354396601e-08 7.027867984807281894e-07 -2.466100738416340593e-04 -4.745606849163734641e-04 -1.402178525399542901e-03 -1.604768311905047296e-05 4.890405821077186356e-06 1.843127626498533131e-07 -8.772804966712966169e-07 1.621905412360885937e-02 -4.359207855448493435e-04 -3.755274817162319650e-04 1.577033213397788193e-03 -1.449928958819460311e-03 -1.550993416975162374e-03 -7.229246762639546069e-03 -1.609427686481243458e-02 3.777006963595572198e-02 3.059359229739983758e-03 -7.406542970434132692e-03 -1.578964855131721745e-02 1.648230699573091011e-04 8.356925157611960205e-06 6.917511041135953470e-03 -3.139788955230042979e-04 7.305620622375620307e-04 4.618394556403651943e-03
-3.650427908407570906e-05 -6.976372539075029589e-06 -3.456253101969455223e-07 -4.879710868779189086e-07 3.022686432860557308e-06 2.206247644365227293e-04 1.980762897697912160e-04 -5.126405364485827482e-03 -1.777852444505906759e-05 -3.964161819370940056e-06 3.826928255207392576e-07 1.107522724474257574e-07 1.130736915356681319e-03 -1.677745963537435647e-05 -4.702110478609270285e-04 1.856450612092399493e-04 -2.178791993134520603e-03 -1.183237376907158873e-03 -6.358550702396001636e-05 1.004935010772498548e-03 6.290503575385581435e-03 3.877773334380471386e-03 1.999342070625057324e-03 -1.628244989516111022e-03 -3.490175457809831477e-04 7.488705580173311317e-04 -3.139788955230044063e-04 2.895091465063975422e-03 4.760860866804503288e-04 -7.736290054916231769e-04
-2.216257053859518788e-05 -2.118789536986374625e-06 -4.295585580106121582e-07 -4.521431198585030000e-07 2.431997924747094341e-06 -2.815454778985657341e-04 7.127189131107030317e-04 -2.231087890953546270e-03 -1.269719160563397462e-05 1.380848586118515407e-06 -1.453015499683953166e-06 -3.808982414610657101e-07 9.075301023577892270e-03 1.256827030662978958e-04 -2.759092167663481938e-03 -1.532695043383367145e-03 -2.054729380556293006e-03 4.147618156357514227e-03 1.195220183070456674e-03 -3.649421662209737481e-03 2.597265332668795626e-02 1.583574338290832766e-03 -3.015329827006029383e-04 -6.245508759350095265e-03 -1.238974638445830328e-04 8.345983759830511513e-05 7.305620622375620307e-04 4.760860866804503288e-04 6.366158590799391413e-03 7.903428787138797387e-03
-3.439569315073342376e-05 1.576362726638709465e-05 9.260034682552449751e-08 -1.233558487968638721e-06 -9.755626777721434341e-07 9.990504615247507332e-04 -7.166055507516195903e-03 9.402557039209199011e-04 -1.657337876467710548e-05 8.931202624085114448e-06 1.368340403425564615e-06 -3.763775439146845678e-06 4.577245586333706512e-02 -2.584840850619510733e-03 2.663968140306949175e-04 -8.249118533389852848e-03 -1.273585135571894851e-02 6.896389302916801183e-03 -3.519631511725902599e-03 -4.216255223080566522e-02 2.201951667557154046e-01 -7.054981238599494428e-03 -5.993689734830166815e-02 -1.830594115125577098e-02 -4.593110502224867400e-05 -4.558841456243443307e-04 4.618394556403651943e-03 -7.736290054916229600e-04 7.903428787138797387e-03 7.286034611925172599e-02
