# logA ns theta_MC_100 ombh2 omch2 w wa beta_DE tau A_planck calib_100T calib_217T A_cib_217 xi_sz_cib A_sz ksz_norm gal545_A_100 gal545_A_143 gal545_A_143_217 gal545_A_217 ps_A_100_100 ps_A_143_143 ps_A_143_217 ps_A_217_217 galf_TE_A_100 galf_TE_A_100_143 galf_TE_A_100_217 galf_TE_A_143 galf_TE_A_143_217 galf_TE_A_217
2.043910959554549010e-04 1.646849314328100420e-05 7.701945373152045015e-07 4.653738521699138442e-07 -6.045014999940975280e-06 7.793878509779983920e-05 -1.431427393907892722e-03 2.179967720429611816e-02 1.073223902977278528e-04 1.340568769088185474e-06 1.089847133282460961e-07 -2.994925812937607497e-07 -7.487500112043383484e-03 1.272615542972652732e-04 -6.518162301187706590e-04 -2.096673680304842315e-04 -1.059801238092174637e-03 -2.559541446917384857e-04 -5.768552670130154634e-04 1.705984090816625937e-03 -2.059856775394953640e-03 -9.027857490472447621e-03 -4.526569881804469106e-03 6.261834050270071936e-03 1.025188384238965600e-05 -1.141926730020653210e-06 -1.521559751448333536e-05 -1.852036420780477620e-05 -3.614777395675315599e-05 -3.464416306587659907e-06
1.646849314328100420e-05 1.452548811629873388e-05 2.705115655086399141e-07 1.617690043333213734e-07 -2.306754553963906002e-06 -3.879334573003116461e-06 -7.892766333397903855e-05 3.150488530633260755e-03 1.037539876979792356e-05 1.372837604177161011e-06 7.225504931949714829e-08 -5.338618691720240611e-08 -4.821625413210828791e-03 9.334758381458795398e-05 9.924574930628290385e-04 -2.091239504522854863e-03 1.889871729182088570e-04 -5.688704723205833267e-04 -2.919199997680168223e-04 1.735525119924007272e-03 -1.885871268811005128e-02 -6.510268735670944780e-03 1.261646268848963873e-03 5.506882100320977490e-03 -2.339040932122196578e-06 2.772144237691798870e-06 5.992780450081367312e-06 2.485373264961890994e-06 1.606484043810462748e-06 -1.189269657969191501e-05
7.701945373152045015e-07 2.705115655086399141e-07 8.217929053472388324e-08 1.135924506800781180e-08 -7.351602647835530206e-08 7.435195235431938052e-07 -1.299253259881766080e-05 1.724355034275718717e-04 3.594111882264154886e-07 7.924855391078227829e-08 7.169189326494551508e-09 -1.222082565250036778e-09 -8.207789651740625541e-06 2.843763870102592423e-07 2.670276952309974834e-05 -1.719253399100964123e-05 5.777858627451765168e-06 2.255047448701805516e-06 3.662069205835597374e-05 2.168609031127423188e-05 7.840373906952467049e-05 8.281997176213405285e-06 2.535085384168220244e-05 7.874768266974854043e-05 -1.277285769634687587e-07 1.997955435578103258e-07 -4.383966656235549315e-07 -6.752013857061892145e-08 -7.415399742456839907e-07 -1.394718915467912507e-06
4.653738521699138442e-07 1.617690043333213734e-07 1.135924506800781180e-08 1.737239817083377657e-08 -5.917563832329623382e-08 -1.085803277903708025e-07 -2.415870755746057229e-06 6.562929653584852045e-05 2.260460243271370604e-07 3.922358390353943214e-08 4.151960668242111422e-09 -4.166199351376593712e-10 -8.824360335732281879e-05 9.453505047028879573e-07 1.999966089144398061e-05 -2.469666586401675861e-05 -2.892252182200617426e-06 -8.763710106152513017e-06 -4.584037057607741616e-06 3.283041557558615296e-05 -2.017061592102996576e-04 -2.025755018585127050e-04 -6.614334949000687421e-05 3.774042735545981837e-05 -1.905817357828903156e-07 -1.985646971501783502e-07 2.863153752813582495e-08 -4.458558881980769172e-07 -5.539248197822960560e-07 1.654496002533205296e-08
-6.045014999940975280e-06 -2.306754553963906002e-06 -7.351602647835530206e-08 -5.917563832329623382e-08 9.735589347285359909e-07 -1.635542276493959642e-06 4.629073214697921159e-05 -1.211628528958241325e-03 -3.473494825725652745e-06 -6.942964889139802432e-07 -7.967527605393914648e-09 -1.017337440263116697e-08 3.804043943212649160e-04 1.279393537709404006e-06 -8.393435449326048354e-05 1.308338829730862612e-04 5.302679055009721742e-05 7.156343424906364604e-06 -1.008397402379365953e-04 -4.209149103324852717e-04 3.225404198638605964e-04 5.845335750026671526e-04 2.009702873050803293e-04 -4.644698721560651020e-04 7.694762252405557125e-07 -6.442782906439356623e-07 4.513967354566904465e-08 -1.264569848652465064e-06 -5.741204822933007321e-07 -2.997428860650885066e-06
7.793878509779983920e-05 -3.879334573003116461e-06 7.435195235431938052e-07 -1.085803277903707363e-07 -1.635542276493959642e-06 6.470853477994926127e-03 -5.535196903668044427e-02 1.472375916790987227e-01 3.700234207306312198e-05 5.254528564127221074e-06 -3.860295670844212731e-07 -5.446625970458758392e-07 1.231257268596154704e-02 1.067717938431389816e-04 5.178767198741036568e-03 -1.674759346151660343e-03 4.000347699224090538e-03 7.809929093429909819e-03 4.019347116395470022e-03 -6.453864180802158096e-03 -8.237535060277927090e-02 -5.436220627258511913e-03 1.642504545835862459e-02 6.720837153578801057e-03 1.577842946388852765e-05 -5.763651856055125996e-06 -1.290519026668847152e-04 -6.655846797375395460e-05 -8.862654814282835633e-05 2.718499852354698196e-04
-1.431427393907893156e-03 -7.892766333397903855e-05 -1.299253259881766080e-05 -2.415870755746057652e-06 4.629073214697921836e-05 -5.535196903668044427e-02 7.352967696325587443e-01 -2.948047214586023479e+00 -5.941489232691163965e-04 -1.835225452442744627e-04 -6.332749531191480001e-06 -2.560045632276130188e-06 -6.054421206453828447e-02 -2.354972346583823154e-03 -1.294061281858475618e-02 -8.959599460211640012e-03 -4.428964844824332531e-02 -2.999242435912846672e-02 -3.589571796127048048e-02 -1.548448653030841046e-02 2.321725469825499100e-01 5.370480905943339836e-03 -7.547990013156720412e-02 -1.318361060412998609e-01 -5.262777557093066723e-04 -1.973705989054318219e-05 1.811730478007294231e-03 6.458879456357043353e-04 2.741247597164291907e-05 -2.272988550229520892e-03
2.179967720429611816e-02 3.150488530633260755e-03 1.724355034275718717e-04 6.562929653584852045e-05 -1.211628528958241325e-03 1.472375916790987227e-01 -2.948047214586023479e+00 2.248572032777877538e+01 1.044134999222838360e-02 1.887588361272732156e-03 1.207704519770649572e-04 1.474744045700053294e-05 -1.153485166816710233e-01 2.128401796260049467e-02 -4.959739645737669123e-01 6.860360560584641276e-02 2.175674667517172589e-01 -2.230194097621567284e-01 -4.940632422957996761e-01 -7.575741988633888369e-01 5.467890530583265019e+00 1.891405318229421872e-01 -6.385876349516127481e-01 1.361940928235446213e+00 5.595772094848711076e-03 1.793085972563806868e-03 3.679188342671362542e-03 -3.749631690731782766e-04 6.229384484776462165e-03 1.045074040441035940e-02
1.073223902977278528e-04 1.037539876979792017e-05 3.594111882264154886e-07 2.260460243271370604e-07 -3.473494825725652745e-06 3.700234207306312198e-05 -5.941489232691165049e-04 1.044134999222838360e-02 6.156203033067237220e-05 -3.508070127716359563e-06 1.120260651432361145e-08 -1.730113169529535915e-07 -4.377622197574882086e-03 6.101303510066887902e-05 -3.797511490583935613e-04 9.826066049645999984e-05 -4.550637398114675838e-04 -1.818805230255450881e-05 -3.576502416943270883e-04 3.253910238254078082e-04 -3.913829349701694431e-03 -5.499571823231064888e-03 -3.293489947789155891e-03 1.827544653833043002e-03 3.523627478878520091e-06 1.569633428649188816e-06 -2.894161228322553247e-06 -4.127967875140006657e-06 -1.493985080201090718e-05 -1.553699728214657540e-05
1.340568769088185474e-06 1.372837604177161011e-06 7.924855391078227829e-08 3.922358390353943214e-08 -6.942964889139802432e-07 5.254528564127221074e-06 -1.835225452442744627e-04 1.887588361272732156e-03 -3.508070127716359563e-06 5.160347374404345225e-06 7.113491661822501723e-11 3.450337663858059606e-08 8.727802837515275663e-04 -1.261252263444767268e-05 1.188041107794265896e-04 2.558597455959593601e-05 4.550158112817902890e-05 9.097351416922555881e-05 3.574879371901519554e-04 1.094814083261322693e-03 4.970601959841723302e-03 5.743267432594357721e-04 1.862585343604160142e-04 4.526449389655123152e-04 8.912351186061762211e-07 -8.335051526119808745e-07 -2.775961174018015710e-06 -2.188698244820765913e-06 1.577444142904392654e-07 1.216469696194495680e-05
1.089847133282460961e-07 7.225504931949714829e-08 7.169189326494551508e-09 4.151960668242111422e-09 -7.967527605393914648e-09 -3.860295670844215908e-07 -6.332749531191480001e-06 1.207704519770649843e-04 1.120260651432360814e-08 7.113491661822501723e-11 3.530448693783146899e-07 8.989411003109400656e-09 -2.379949792066918853e-04 9.773554891230646925e-06 8.193126866335035459e-05 -7.424224464134827461e-05 2.195772624548942046e-04 -1.418819940594032657e-04 3.260408700119365954e-06 1.299860528657664641e-04 3.355328394501823873e-03 2.053469772206292955e-05 4.122790470210819483e-04 4.394978510628968159e-04 8.983365809478018011e-08 3.135957340504233807e-07 1.206072195153411452e-06 6.039880138378454878e-07 -1.835398570983710116e-06 -4.182011769378921634e-06
-2.994925812937607497e-07 -5.338618691720240611e-08 -1.222082565250036778e-09 -4.166199351376593712e-10 -1.017337440263116697e-08 -5.446625970458758392e-07 -2.560045632276132306e-06 1.474744045700052955e-05 -1.730113169529535915e-07 3.450337663858059606e-08 8.989411003109400656e-09 3.729906714640224947e-07 5.821189627912090212e-04 3.106649242620342941e-06 -2.063247610291672274e-05 -8.596556554736040865e-06 -1.010117323332613368e-05 -3.347820713429462068e-05 4.229709616901761128e-04 9.931513668475276755e-04 4.166111519560243689e-04 2.049721783691583533e-04 -1.434261150218454472e-04 -1.112697080437140837e-03 -1.494318727107072261e-07 -3.660744799117718773e-07 2.082041012155981798e-06 -7.273729837049975416e-07 -9.927310906629290188e-07 -1.941438442743349403e-06
-7.487500112043383484e-03 -4.821625413210828791e-03 -8.207789651740635706e-06 -8.824360335732281879e-05 3.804043943212649160e-04 1.231257268596154877e-02 -6.054421206453827059e-02 -1.153485166816711344e-01 -4.377622197574881219e-03 8.727802837515275663e-04 -2.379949792066918853e-04 5.821189627912090212e-04 4.487309571904573602e+01 -3.113552911254551248e-01 -7.861481323343912919e-01 -6.737410240085693891e-01 -3.266344636930920697e-02 2.778093224106124581e-01 -6.209835573165970679e+00 -3.487827481733629753e+01 3.728196013893519023e+01 4.973249411592392200e+00 -9.831623147178904176e+00 -5.291817553346940173e+01 1.098980119569382009e-03 1.163182607205127343e-03 -7.695185276241914112e-03 1.078575888806696491e-02 -1.060553721083330736e-02 -7.642655371679331344e-02
1.272615542972652461e-04 9.334758381458795398e-05 2.843763870102588188e-07 9.453505047028878515e-07 1.279393537709402947e-06 1.067717938431391172e-04 -2.354972346583824021e-03 2.128401796260050161e-02 6.101303510066889257e-05 -1.261252263444767607e-05 9.773554891230646925e-06 3.106649242620342517e-06 -3.113552911254551248e-01 8.279009068822837381e-02 -4.641115400884571890e-02 5.385500890281437469e-02 -9.015690044056502836e-04 4.110253950907986377e-03 1.140923514776906317e-01 1.086327423004267018e-01 -3.989585415257908552e-01 9.013074822911140149e-01 1.657099793744662319e+00 4.760874403134202071e-01 3.801537525986065536e-05 -1.486998865934459238e-04 -4.073599233973370965e-05 -4.275707242776581536e-05 5.127869535346836049e-04 4.377771089405785646e-03
-6.518162301187707675e-04 9.924574930628290385e-04 2.670276952309974834e-05 1.999966089144397723e-05 -8.393435449326048354e-05 5.178767198741036568e-03 -1.294061281858475791e-02 -4.959739645737669123e-01 -3.797511490583936155e-04 1.188041107794265896e-04 8.193126866335035459e-05 -2.063247610291672274e-05 -7.861481323343911809e-01 -4.641115400884571890e-02 3.865197466274902904e+00 -2.863245199193973800e+00 -1.254886779453130985e-01 3.208318597343706724e-01 3.009818465241265173e+00 3.989027594885542705e+00 -2.896966865726815499e+01 -3.120043966534752133e+00 7.585143359113111217e+00 5.150994785224840555e+00 -6.030366098969485280e-04 5.666619289619432729e-05 -6.025142102701592714e-03 -2.699005875078220804e-03 -6.740614988456072008e-03 -2.330909808154393165e-02
-2.096673680304842044e-04 -2.091239504522854429e-03 -1.719253399100963446e-05 -2.469666586401675183e-05 1.308338829730863154e-04 -1.674759346151659910e-03 -8.959599460211624400e-03 6.860360560584645440e-02 9.826066049646012181e-05 2.558597455959595973e-05 -7.424224464134827461e-05 -8.596556554736032395e-06 -6.737410240085696111e-01 5.385500890281437469e-02 -2.863245199193973800e+00 5.925278447881155763e+00 9.368474065408680107e-02 -2.896277346767116012e-01 -2.428131573581712832e+00 -2.597243645553716007e+00 1.292623652517407962e+01 -4.795818857052076112e+00 -1.165789869723653460e+01 -8.527201287956932774e+00 2.510432309910518196e-03 -2.611183460657630091e-03 4.948217600500895950e-03 1.579023385203542603e-03 8.569835930745785604e-03 1.431559918560547894e-02
-1.059801238092174420e-03 1.889871729182088570e-04 5.777858627451766015e-06 -2.892252182200616579e-06 5.302679055009721742e-05 4.000347699224089670e-03 -4.428964844824333225e-02 2.175674667517172589e-01 -4.550637398114675295e-04 4.550158112817904245e-05 2.195772624548942046e-04 -1.010117323332613876e-05 -3.266344636930919310e-02 -9.015690044056493078e-04 -1.254886779453130985e-01 9.368474065408681495e-02 3.262249608047449900e+00 4.676294403741136363e-01 2.155000899988709362e-01 2.602573519142507563e-01 -5.946891067828027566e+00 -1.431481794738730384e-01 -5.193860872087654457e-01 -2.185374984053690406e-01 4.940000551769180206e-04 2.407000001663031380e-04 4.075508404527706727e-03 9.235757719631520861e-04 4.884632606784274599e-03 3.469575616677532306e-03
-2.559541446917384857e-04 -5.688704723205833267e-04 2.255047448701801280e-06 -8.763710106152513017e-06 7.156343424906370533e-06 7.809929093429908084e-03 -2.999242435912847018e-02 -2.230194097621567284e-01 -1.818805230255446476e-05 9.097351416922555881e-05 -1.418819940594032657e-04 -3.347820713429462068e-05 2.778093224106124026e-01 4.110253950907984642e-03 3.208318597343706724e-01 -2.896277346767116567e-01 4.676294403741136363e-01 3.075077438768805127e+00 2.863918878384202227e+00 3.183150788519671703e+00 5.958593005975183488e+00 -1.232849320636554946e+00 -3.658963000281036382e-01 -8.383858044213922112e-01 5.688236853149174297e-04 3.510660889514277423e-04 5.859518874854004102e-04 1.451881754131221581e-03 -2.997480810686143932e-03 -5.699645698398654592e-03
-5.768552670130152465e-04 -2.919199997680168765e-04 3.662069205835597374e-05 -4.584037057607743311e-06 -1.008397402379365818e-04 4.019347116395469155e-03 -3.589571796127048048e-02 -4.940632422957995096e-01 -3.576502416943270883e-04 3.574879371901519554e-04 3.260408700119367648e-06 4.229709616901761128e-04 -6.209835573165972455e+00 1.140923514776906317e-01 3.009818465241265173e+00 -2.428131573581712832e+00 2.155000899988709362e-01 2.863918878384202227e+00 1.162473787705338246e+01 2.092714091119611197e+01 -1.129355651149010953e+01 3.795799890671290200e+00 6.139206421139982162e+00 5.982278751162186659e+00 3.293360003554678312e-04 -2.910202558128748051e-04 -5.123788486956615436e-03 -2.969934669837306744e-03 -8.133164854283602210e-03 -7.161726049956209511e-03
1.705984090816626154e-03 1.735525119924007272e-03 2.168609031127423188e-05 3.283041557558615296e-05 -4.209149103324852717e-04 -6.453864180802161565e-03 -1.548448653030842607e-02 -7.575741988633888369e-01 3.253910238254075372e-04 1.094814083261322693e-03 1.299860528657664912e-04 9.931513668475276755e-04 -3.487827481733629043e+01 1.086327423004267018e-01 3.989027594885542705e+00 -2.597243645553716007e+00 2.602573519142507563e-01 3.183150788519671703e+00 2.092714091119611197e+01 5.747286801692981584e+01 -2.476158038821898444e+01 3.063715441341952950e+00 8.982377425546625105e+00 3.436870197675825267e+01 -2.679022173541526289e-03 -2.193553467560488586e-03 5.638637678582866276e-03 -1.129060670985050120e-02 -6.422746852795812277e-03 5.102742058200716857e-02
-2.059856775394954508e-03 -1.885871268811005128e-02 7.840373906952467049e-05 -2.017061592102996576e-04 3.225404198638604880e-04 -8.237535060277924315e-02 2.321725469825498545e-01 5.467890530583265019e+00 -3.913829349701692696e-03 4.970601959841723302e-03 3.355328394501823873e-03 4.166111519560243147e-04 3.728196013893519023e+01 -3.989585415257908552e-01 -2.896966865726815499e+01 1.292623652517407962e+01 -5.946891067828026678e+00 5.958593005975182599e+00 -1.129355651149010953e+01 -2.476158038821898444e+01 7.407416576083136306e+02 6.834812602150753946e+01 -4.926393252335717676e+01 -6.163306824343984403e+01 -1.628746895755294952e-02 1.332479835495014794e-02 2.784035830056097102e-02 4.563571681008288250e-02 -6.214594512729391430e-03 1.258178330655929655e-01
-9.027857490472447621e-03 -6.510268735670944780e-03 8.281997176213420531e-06 -2.025755018585127050e-04 5.845335750026671526e-04 -5.436220627258510178e-03 5.370480905943278253e-03 1.891405318229424370e-01 -5.499571823231064888e-03 5.743267432594357721e-04 2.053469772206293633e-05 2.049721783691583533e-04 4.973249411592392200e+00 9.013074822911141259e-01 -3.120043966534752133e+00 -4.795818857052075224e+00 -1.431481794738730384e-01 -1.232849320636554946e+00 3.795799890671290200e+00 3.063715441341952506e+00 6.834812602150753946e+01 6.205756591201857475e+01 3.963686401798161540e+01 1.037856011022796388e+01 -1.430595943502796508e-03 4.120434713884413465e-03 -4.626859007184794086e-03 7.124778325953392763e-03 1.999497316476009715e-02 9.503600173892365333e-02
-4.526569881804469106e-03 1.261646268848963873e-03 2.535085384168220922e-05 -6.614334949000686065e-05 2.009702873050803564e-04 1.642504545835863153e-02 -7.547990013156723188e-02 -6.385876349516126371e-01 -3.293489947789155891e-03 1.862585343604159600e-04 4.122790470210819483e-04 -1.434261150218455014e-04 -9.831623147178904176e+00 1.657099793744662319e+00 7.585143359113111217e+00 -1.165789869723653460e+01 -5.193860872087655567e-01 -3.658963000281036382e-01 6.139206421139982162e+00 8.982377425546625105e+00 -4.926393252335717676e+01 3.963686401798162251e+01 8.264240521880881829e+01 4.673221115853718288e+01 -4.750998909725500860e-03 3.864212714992421287e-03 -9.958933540951212318e-03 -6.484484628594606483e-03 5.070729685015919804e-04 8.359950719032793742e-02
6.261834050270070201e-03 5.506882100320977490e-03 7.874768266974855398e-05 3.774042735545981837e-05 -4.644698721560651020e-04 6.720837153578805394e-03 -1.318361060412997776e-01 1.361940928235446435e+00 1.827544653833043002e-03 4.526449389655124236e-04 4.394978510628968159e-04 -1.112697080437140837e-03 -5.291817553346940173e+01 4.760874403134202071e-01 5.150994785224840555e+00 -8.527201287956934550e+00 -2.185374984053689018e-01 -8.383858044213922112e-01 5.982278751162186659e+00 3.436870197675825267e+01 -6.163306824343984403e+01 1.037856011022796388e+01 4.673221115853718288e+01 9.706201622992956857e+01 -2.060131306704462376e-03 6.720305684717105266e-03 -1.959122564513636618e-04 -1.317346286026579126e-02 5.074613186276095630e-03 7.520643139017661738e-02
1.025188384238965939e-05 -2.339040932122197425e-06 -1.277285769634687587e-07 -1.905817357828903156e-07 7.694762252405553948e-07 1.577842946388853781e-05 -5.262777557093066723e-04 5.595772094848711943e-03 3.523627478878520091e-06 8.912351186061762211e-07 8.983365809478024628e-08 -1.494318727107071996e-07 1.098980119569382225e-03 3.801537525986065536e-05 -6.030366098969489616e-04 2.510432309910518196e-03 4.940000551769180206e-04 5.688236853149176465e-04 3.293360003554674518e-04 -2.679022173541526289e-03 -1.628746895755294605e-02 -1.430595943502796941e-03 -4.750998909725500860e-03 -2.060131306704461943e-03 1.479282407193700582e-03 2.256192244896246799e-04 1.091225916312837891e-04 -4.255886586533299209e-04 -1.863972739186414967e-04 -7.006910415159497122e-07
-1.141926730020651304e-06 2.772144237691799294e-06 1.997955435578103523e-07 -1.985646971501783502e-07 -6.442782906439354506e-07 -5.763651856055156490e-06 -1.973705989054312459e-05 1.793085972563806217e-03 1.569633428649188393e-06 -8.335051526119808745e-07 3.135957340504234336e-07 -3.660744799117718773e-07 1.163182607205126692e-03 -1.486998865934458696e-04 5.666619289619409012e-05 -2.611183460657629657e-03 2.407000001663025417e-04 3.510660889514275254e-04 -2.910202558128750219e-04 -2.193553467560486418e-03 1.332479835495014621e-02 4.120434713884412598e-03 3.864212714992420854e-03 6.720305684717105266e-03 2.256192244896246799e-04 9.016874049812291904e-04 2.707274384160466559e-05 7.864362751748275350e-04 -3.134647116522266291e-05 -1.145619635624252081e-03
-1.521559751448333028e-05 5.992780450081367312e-06 -4.383966656235549844e-07 2.863153752813582495e-08 4.513967354566904465e-08 -1.290519026668846610e-04 1.811730478007293798e-03 3.679188342671359940e-03 -2.894161228322554094e-06 -2.775961174018014439e-06 1.206072195153411664e-06 2.082041012155982645e-06 -7.695185276241912377e-03 -4.073599233973377063e-05 -6.025142102701594449e-03 4.948217600500896818e-03 4.075508404527706727e-03 5.859518874854006271e-04 -5.123788486956617171e-03 5.638637678582865409e-03 2.784035830056095714e-02 -4.626859007184790616e-03 -9.958933540951219257e-03 -1.959122564513636618e-04 1.091225916312838027e-04 2.707274384160464865e-05 7.381905185066760765e-03 -1.906203716110998439e-04 3.861394442138701933e-04 3.695792306230794456e-03
-1.852036420780477958e-05 2.485373264961890570e-06 -6.752013857061904057e-08 -4.458558881980768643e-07 -1.264569848652465064e-06 -6.655846797375394104e-05 6.458879456357041185e-04 -3.749631690731768129e-04 -4.127967875140001575e-06 -2.188698244820765490e-06 6.039880138378455937e-07 -7.273729837049973298e-07 1.078575888806696664e-02 -4.275707242776581536e-05 -2.699005875078220804e-03 1.579023385203542169e-03 9.235757719631518693e-04 1.451881754131221147e-03 -2.969934669837305877e-03 -1.129060670985050120e-02 4.563571681008289638e-02 7.124778325953391896e-03 -6.484484628594608217e-03 -1.317346286026579126e-02 -4.255886586533299209e-04 7.864362751748275350e-04 -1.906203716110998439e-04 3.042527856854383185e-03 6.964074367123318943e-04 -1.332429091708712881e-03
-3.614777395675316277e-05 1.606484043810462536e-06 -7.415399742456839907e-07 -5.539248197822961619e-07 -5.741204822933006262e-07 -8.862654814282834278e-05 2.741247597164309864e-05 6.229384484776461298e-03 -1.493985080201090718e-05 1.577444142904392654e-07 -1.835398570983710116e-06 -9.927310906629292306e-07 -1.060553721083330736e-02 5.127869535346838217e-04 -6.740614988456072876e-03 8.569835930745785604e-03 4.884632606784274599e-03 -2.997480810686143932e-03 -8.133164854283603945e-03 -6.422746852795812277e-03 -6.214594512729387961e-03 1.999497316476010755e-02 5.070729685015929562e-04 5.074613186276095630e-03 -1.863972739186415238e-04 -3.134647116522264258e-05 3.861394442138701933e-04 6.964074367123318943e-04 6.618966999575105412e-03 7.292775036433480837e-03
-3.464416306587648472e-06 -1.189269657969190824e-05 -1.394718915467912507e-06 1.654496002533203642e-08 -2.997428860650884642e-06 2.718499852354698196e-04 -2.272988550229521759e-03 1.045074040441035246e-02 -1.553699728214657879e-05 1.216469696194495680e-05 -4.182011769378920787e-06 -1.941438442743349403e-06 -7.642655371679331344e-02 4.377771089405785646e-03 -2.330909808154393165e-02 1.431559918560547894e-02 3.469575616677531872e-03 -5.699645698398653725e-03 -7.161726049956209511e-03 5.102742058200716857e-02 1.258178330655929378e-01 9.503600173892365333e-02 8.359950719032793742e-02 7.520643139017661738e-02 -7.006910415159346774e-07 -1.145619635624252081e-03 3.695792306230794456e-03 -1.332429091708712881e-03 7.292775036433480837e-03 7.009247833856874221e-02
