# logA ns theta_MC_100 ombh2 omch2 w wa beta_DE tau A_planck calib_100T calib_217T A_cib_217 xi_sz_cib A_sz ksz_norm gal545_A_100 gal545_A_143 gal545_A_143_217 gal545_A_217 ps_A_100_100 ps_A_143_143 ps_A_143_217 ps_A_217_217 galf_TE_A_100 galf_TE_A_100_143 galf_TE_A_100_217 galf_TE_A_143 galf_TE_A_143_217 galf_TE_A_217
2.044621244459940998e-04 1.781453034486758306e-05 7.851914081356002116e-07 4.258930476141268380e-07 -6.454810417734539777e-06 1.156738254818504523e-04 -1.949441864512825150e-03 2.511674923209979149e-02 1.067666756610179395e-04 2.902481863054934867e-06 2.662257689237958077e-07 -1.945889935836965158e-07 -2.822821456293941097e-03 7.972790475817746693e-05 6.845229488084632373e-04 -1.798102010859444844e-03 -7.316687646339005641e-04 2.563770031633056789e-04 3.065391262666632361e-04 1.613727088243814946e-03 -3.281447797915444680e-05 -6.742236282322055033e-03 2.331080584628446574e-05 2.635906310898062429e-03 6.977533487728517509e-06 1.487235818268912042e-06 -1.935286675539927908e-05 -1.531249852740983243e-05 -3.903624474107077668e-05 -1.651166898175364893e-04
1.781453034486758306e-05 1.446413169200350281e-05 2.788949024878992615e-07 1.732462112662085449e-07 -2.420678679120928161e-06 1.702722151072193052e-06 -7.026532704942458946e-05 3.071061535482888429e-03 1.109430971329799614e-05 1.457796757536572323e-06 -3.617071973832024542e-08 -1.282807029088552186e-08 -3.570374139090181937e-03 6.195766790262210121e-05 1.036494784710126522e-03 -2.150295679218843046e-03 2.009305308618147010e-04 -2.193227279675826564e-04 4.940108544659499353e-05 1.916137724399256340e-03 -1.827987642668003551e-02 -6.469770609769453368e-03 4.892465362396958067e-04 3.413692726242424560e-03 -1.834244875091762091e-07 2.853979887630344665e-06 1.030051986070653976e-06 -1.595341814881573739e-06 -8.735093169220485763e-06 -2.027090684473323155e-05
7.851914081356002116e-07 2.788949024878992615e-07 8.339845403037994429e-08 1.005395218310854991e-08 -5.864199055761450798e-08 1.745331412363842856e-06 -2.034210059903227425e-05 1.759291386335285281e-04 3.724307518430437710e-07 6.187541918129075393e-08 2.724575511382932009e-09 -2.118739572751422865e-10 -6.851823448199520855e-06 5.472913372617031162e-08 1.883838247999710134e-05 -1.198399992710795541e-05 7.230088394634656022e-06 2.457661825705517735e-05 3.513089156433150804e-05 5.423967659880582493e-05 1.807761612060372397e-04 -7.189101133875948726e-05 -4.713921569416657203e-05 -3.021471516371858866e-05 -1.130904161388829391e-07 -3.197574361471576702e-08 6.552369652410808614e-07 -1.172397963492606263e-07 -3.888280576496593029e-07 -1.692400188057143524e-06
4.258930476141268380e-07 1.732462112662085449e-07 1.005395218310854991e-08 1.802220857316570622e-08 -6.091120139013875305e-08 -4.111110000766238787e-07 1.816337721323804617e-06 2.259889562444787880e-05 2.106967266384537667e-07 3.837595266096626884e-08 2.167684867542445662e-09 1.975606411726302569e-10 -8.740066052776199971e-05 1.967869010761616306e-06 2.811158701388494162e-05 -3.493437732795937924e-05 -7.918166233591110906e-06 -4.924821033551184044e-06 1.025250226110214046e-05 6.152762073415532918e-05 -3.011091802419647791e-04 -1.914255537532250551e-04 -3.227242940711040652e-05 2.520308164799487595e-05 9.520515579809767771e-09 -8.932277460005709148e-08 4.527122416607657021e-07 -3.526657082856155815e-07 -1.291643690418780165e-07 1.417799537076392278e-07
-6.454810417734539777e-06 -2.420678679120928161e-06 -5.864199055761450798e-08 -6.091120139013875305e-08 1.044551191392672403e-06 -3.192336308242556260e-06 4.311318865343130856e-05 -1.320429125842607302e-03 -3.750494581112769371e-06 -7.309987967439546966e-07 -3.848556138123811852e-10 1.043510000210720588e-09 8.816820179427172237e-05 1.936305795105090053e-06 -8.332988483181506464e-05 1.210040661658646393e-04 7.626710607245026864e-05 -3.974249442890303191e-05 -1.050010249232770175e-04 -3.409624344220965955e-04 -4.295397283179560157e-04 5.252340992279446201e-04 3.186585785109042582e-04 3.648370060647066832e-05 -5.032620026780169765e-07 -1.527340617325862712e-06 3.559432337951444638e-06 -1.098735386111809403e-06 3.625143963330720782e-06 7.869429894982595287e-06
1.156738254818504523e-04 1.702722151072190511e-06 1.745331412363842856e-06 -4.111110000766238787e-07 -3.192336308242556684e-06 7.002561835721853728e-03 -6.159535948491837165e-02 1.840981595500363055e-01 5.961157777035381319e-05 4.271333839445210379e-06 8.053170056096462487e-07 -9.076301842999846733e-07 2.344731956473202622e-02 -2.833928957230511100e-04 -3.768596564863527514e-05 7.722448398514616084e-03 4.572612069415887305e-03 5.563908124260779839e-03 -2.575011800396567914e-03 -1.764303316952644390e-02 1.622449288848554563e-02 -1.412537638180833346e-02 -1.371658157873407828e-02 -3.024589443854727028e-02 3.838128691744250643e-05 4.079945784165763244e-06 2.474499801563932863e-04 -8.851003622465396421e-05 -1.397109232464810588e-04 7.391841502920113013e-04
-1.949441864512825150e-03 -7.026532704942460301e-05 -2.034210059903227764e-05 1.816337721323803982e-06 4.311318865343130856e-05 -6.159535948491837165e-02 7.865893768698316579e-01 -3.226399020929060946e+00 -9.200670061787060913e-04 -1.116448150561606559e-04 -1.587677680842616929e-05 4.060126597462807068e-06 -2.009851164606410168e-01 3.778603482720598039e-03 -2.170268063977217124e-03 -8.217648177429144607e-02 -5.290781024401089438e-02 -4.092241034453645426e-02 1.642141573404591257e-02 9.558891008714474891e-02 -5.973473642658260196e-01 2.675923323560022715e-01 2.022880398805836921e-01 3.025253574252854127e-01 -5.264361439062012179e-04 -3.970759890247523840e-04 -3.054116715262806397e-03 1.124856728153651123e-03 1.380301086523714202e-03 -2.902887579860948149e-03
2.511674923209978108e-02 3.071061535482888429e-03 1.759291386335285281e-04 2.259889562444788896e-05 -1.320429125842607302e-03 1.840981595500363055e-01 -3.226399020929060946e+00 2.500556756731339902e+01 1.246120224691516648e-02 1.695622252221458490e-03 1.215845817114255908e-04 -3.691172762717186606e-05 1.199420879074018620e+00 -6.335265461147350508e-02 1.217512182928096875e-01 1.064869614907989065e-01 1.153540998882609525e-01 -7.225818490628260760e-02 -5.333238918056933953e-01 -8.555861429827639197e-01 5.968358798922977826e+00 -1.857611332837118434e+00 -1.463453630450596288e+00 -1.340769338864224336e+00 3.407381106910997975e-03 5.300107341462349797e-03 1.626035413900979443e-02 -1.710723889355439051e-03 -5.321053038757714120e-03 -2.127084534773380012e-02
1.067666756610179395e-04 1.109430971329799614e-05 3.724307518430437710e-07 2.106967266384537667e-07 -3.750494581112769371e-06 5.961157777035381319e-05 -9.200670061787060913e-04 1.246120224691516648e-02 6.085040527280719767e-05 -2.529572106539790091e-06 8.613594452675251161e-08 -1.303770989286177726e-07 -1.866109330309075574e-03 3.015858089891539055e-05 4.446425154512656302e-04 -9.091597452356751322e-04 -3.565968537358042050e-04 2.945647186279814296e-04 3.931429744781478851e-04 6.002976557424108536e-04 -3.589690782718135947e-03 -4.463033584836333806e-03 -8.009326427243295635e-04 9.802664685148220814e-05 2.455743631200745996e-06 2.093220785529508712e-06 -1.147127123009024776e-05 -4.063608331744155909e-06 -2.014185876264793312e-05 -1.065897870492724266e-04
2.902481863054934867e-06 1.457796757536572323e-06 6.187541918129075393e-08 3.837595266096626884e-08 -7.309987967439546966e-07 4.271333839445209532e-06 -1.116448150561606830e-04 1.695622252221458490e-03 -2.529572106539790091e-06 5.027951571557238996e-06 -1.703541182312041173e-08 3.417326297138893977e-08 1.114761615423626910e-03 -1.515371141453332706e-05 -3.668835625646772465e-05 2.623602285219644287e-04 8.000658592334057302e-05 1.234393386623391746e-04 1.199958824158456398e-04 7.096233008311265489e-04 5.886461500525060585e-03 4.410529347968820913e-04 -5.389435206395948655e-04 -3.479098551438017232e-04 9.454410111776756317e-07 4.620597027617993840e-07 -2.462331264560155203e-06 -1.668623790923786102e-06 -3.895247852081459092e-06 1.501830410211865207e-05
2.662257689237958077e-07 -3.617071973832024542e-08 2.724575511382932009e-09 2.167684867542445662e-09 -3.848556138123811852e-10 8.053170056096459310e-07 -1.587677680842617268e-05 1.215845817114255637e-04 8.613594452675253808e-08 -1.703541182312041173e-08 3.605250032435037528e-07 -1.835570631378054585e-09 -2.189790480740053666e-04 9.001189815821339374e-06 9.497116093286224719e-05 -4.668130942973756578e-05 1.628470239244541413e-04 -1.418201939697807425e-04 8.747489665388751902e-07 9.637245702981407744e-05 3.838936320223826013e-03 5.084465201269106749e-05 4.139533848209397070e-04 3.507568223631478215e-04 4.075267193186218259e-07 3.494826054152576939e-07 1.950007374144473770e-08 9.768948733059024048e-07 3.484203738695171280e-08 -4.542321911232141320e-06
-1.945889935836965158e-07 -1.282807029088552186e-08 -2.118739572751422865e-10 1.975606411726302569e-10 1.043510000210720588e-09 -9.076301842999844616e-07 4.060126597462810456e-06 -3.691172762717186606e-05 -1.303770989286177726e-07 3.417326297138893977e-08 -1.835570631378054585e-09 3.800349174855410879e-07 5.813005185161533887e-04 5.167044212029999058e-06 -1.551071289860093302e-05 -1.210173127698796574e-05 -6.942268787889114358e-06 -4.068558614273454238e-05 4.458814829208106764e-04 1.027481638620683906e-03 -4.894004009691613265e-05 9.731970292211298017e-05 -1.388165558934914697e-04 -1.129369096601941149e-03 6.982511139399237250e-07 1.977511909763956399e-07 1.968633883474783643e-07 4.033002061051857402e-07 -6.556764407132041328e-08 -2.166582956462898997e-06
-2.822821456293941531e-03 -3.570374139090181503e-03 -6.851823448199519161e-06 -8.740066052776199971e-05 8.816820179427169526e-05 2.344731956473202622e-02 -2.009851164606410168e-01 1.199420879074018620e+00 -1.866109330309075574e-03 1.114761615423626910e-03 -2.189790480740053395e-04 5.813005185161533887e-04 4.338080161894625064e+01 -3.630799354165224480e-01 -7.855828572480380023e-01 -3.555333492614335955e-01 3.650831563113551281e-01 3.039230096914757318e-01 -6.121867977968420860e+00 -3.344389770833947750e+01 3.272627131490036589e+01 2.573618912213331278e+00 -1.140769827867926089e+01 -5.249284489946730048e+01 -2.234668380159026638e-03 4.260783175853223478e-05 6.697885810374345746e-04 6.952149125199936705e-03 5.144047935391931128e-03 1.763070737354433849e-03
7.972790475817746693e-05 6.195766790262211476e-05 5.472913372617023883e-08 1.967869010761616306e-06 1.936305795105089206e-06 -2.833928957230511100e-04 3.778603482720594136e-03 -6.335265461147349120e-02 3.015858089891539393e-05 -1.515371141453333045e-05 9.001189815821339374e-06 5.167044212029999058e-06 -3.630799354165224480e-01 7.861400457057750313e-02 -3.033349556412419032e-02 4.421839338786127255e-02 2.985340173550967823e-03 8.250582580805767424e-03 1.324757536774975319e-01 1.898116939436270412e-01 -6.402192996114746126e-01 8.479140789430376079e-01 1.614852393155268739e+00 5.427476127132613293e-01 3.284493056040205635e-05 -1.424529026682594727e-04 -4.070761979379995178e-04 -5.724560339252291750e-06 6.193929128313249276e-04 2.747546773588959833e-03
6.845229488084631289e-04 1.036494784710126522e-03 1.883838247999710134e-05 2.811158701388494162e-05 -8.332988483181505109e-05 -3.768596564863488211e-05 -2.170268063977228833e-03 1.217512182928097014e-01 4.446425154512655760e-04 -3.668835625646773820e-05 9.497116093286227430e-05 -1.551071289860093302e-05 -7.855828572480380023e-01 -3.033349556412419032e-02 3.802765816274565225e+00 -2.809043346140150721e+00 -9.782552903136505773e-02 2.606313817326402216e-01 2.748756482339564933e+00 3.465038350971085812e+00 -2.914333338210999003e+01 -2.860529256897031303e+00 8.027250029606657122e+00 5.225145689635009028e+00 -2.044482152573776692e-05 -2.130113171421703974e-03 -5.371694084305333322e-03 -4.315463696086833424e-03 -1.811356304777658266e-03 -1.531022049068509784e-02
-1.798102010859444193e-03 -2.150295679218843046e-03 -1.198399992710795710e-05 -3.493437732795937924e-05 1.210040661658646393e-04 7.722448398514616084e-03 -8.217648177429144607e-02 1.064869614907988787e-01 -9.091597452356752406e-04 2.623602285219644287e-04 -4.668130942973756578e-05 -1.210173127698795557e-05 -3.555333492614335400e-01 4.421839338786127949e-02 -2.809043346140150721e+00 5.791275435990349330e+00 8.922944150888457993e-02 -2.269862648545132588e-01 -2.087201325018734899e+00 -2.203165354544916799e+00 1.454422326331820514e+01 -4.593544824674916427e+00 -1.204602692965230126e+01 -8.862824727799912594e+00 2.283773296056044869e-04 5.948425062598791191e-04 2.700617160993292690e-03 4.010143529715129267e-03 1.194690975239106473e-03 1.101652637660609745e-02
-7.316687646339005641e-04 2.009305308618147010e-04 7.230088394634656022e-06 -7.918166233591112600e-06 7.626710607245026864e-05 4.572612069415886438e-03 -5.290781024401089438e-02 1.153540998882608415e-01 -3.565968537358042592e-04 8.000658592334057302e-05 1.628470239244541413e-04 -6.942268787889116899e-06 3.650831563113551836e-01 2.985340173550969992e-03 -9.782552903136504385e-02 8.922944150888453829e-02 3.303193314521807533e+00 5.963019130354549890e-01 2.901423206699567103e-01 8.705295018405144469e-02 -6.673124302174073819e+00 -5.256352736263402159e-01 -6.201604077733461340e-01 -8.416771300418037782e-01 -7.271735170705496921e-04 -2.573839732097540217e-04 3.943314885925854225e-03 -9.083115306654437416e-04 -6.454710899263062024e-04 3.948360363997450821e-03
2.563770031633056247e-04 -2.193227279675826564e-04 2.457661825705517735e-05 -4.924821033551184044e-06 -3.974249442890303191e-05 5.563908124260781574e-03 -4.092241034453645426e-02 -7.225818490628267698e-02 2.945647186279814838e-04 1.234393386623391746e-04 -1.418201939697807696e-04 -4.068558614273452882e-05 3.039230096914756762e-01 8.250582580805767424e-03 2.606313817326401661e-01 -2.269862648545132588e-01 5.963019130354549890e-01 3.075635605586859000e+00 2.765513126353462692e+00 3.024838826773686318e+00 5.145766976153542949e+00 -1.151716137091089998e+00 -3.498532173373259946e-01 -8.087274014683544232e-01 1.193484019825450824e-03 -1.901218527987942305e-03 -2.763191834958636430e-03 3.979253969436563122e-04 -2.007348904583822343e-04 1.056354532369710442e-02
3.065391262666632903e-04 4.940108544659500709e-05 3.513089156433150126e-05 1.025250226110214046e-05 -1.050010249232770175e-04 -2.575011800396568348e-03 1.642141573404592297e-02 -5.333238918056936173e-01 3.931429744781478851e-04 1.199958824158456398e-04 8.747489665388801665e-07 4.458814829208106764e-04 -6.121867977968420860e+00 1.324757536774975319e-01 2.748756482339564933e+00 -2.087201325018734899e+00 2.901423206699566548e-01 2.765513126353462692e+00 1.107525012124339092e+01 2.007614710769120947e+01 -1.362292648542197959e+01 3.425395926157166038e+00 5.746496697180837998e+00 5.600717149874960832e+00 2.307854431019003717e-03 -3.036317223749738971e-03 -1.049530228994632192e-02 -1.333745948338712793e-03 -1.830822128825221502e-03 -5.202501585416874699e-03
1.613727088243814296e-03 1.916137724399256123e-03 5.423967659880582493e-05 6.152762073415532918e-05 -3.409624344220965955e-04 -1.764303316952644737e-02 9.558891008714474891e-02 -8.555861429827635867e-01 6.002976557424108536e-04 7.096233008311265489e-04 9.637245702981407744e-05 1.027481638620683906e-03 -3.344389770833947750e+01 1.898116939436270412e-01 3.465038350971085812e+00 -2.203165354544916799e+00 8.705295018405143082e-02 3.024838826773686318e+00 2.007614710769120947e+01 5.511601551192794091e+01 -2.523786950267067297e+01 3.823601067013272736e+00 8.873535394566431478e+00 3.254371406164258929e+01 5.115203205381904650e-03 -2.666561032310701875e-03 -1.110399614021979377e-02 -7.620318598888903804e-04 -7.685966158142044403e-03 -5.622775926485591366e-03
-3.281447797915571396e-05 -1.827987642668003551e-02 1.807761612060371855e-04 -3.011091802419647791e-04 -4.295397283179560157e-04 1.622449288848555604e-02 -5.973473642658260196e-01 5.968358798922977826e+00 -3.589690782718135947e-03 5.886461500525059717e-03 3.838936320223826013e-03 -4.894004009691609876e-05 3.272627131490036589e+01 -6.402192996114746126e-01 -2.914333338210999003e+01 1.454422326331820514e+01 -6.673124302174073819e+00 5.145766976153542061e+00 -1.362292648542197959e+01 -2.523786950267067297e+01 7.416735040620084192e+02 6.057863956078902845e+01 -5.603387636097501456e+01 -5.701871626646251912e+01 1.038507998696301844e-02 1.230860696017515091e-02 2.347422463854339711e-02 3.513531935772247483e-02 5.789473969941954373e-02 8.431417694340409552e-02
-6.742236282322055033e-03 -6.469770609769455103e-03 -7.189101133875948726e-05 -1.914255537532250551e-04 5.252340992279447285e-04 -1.412537638180833346e-02 2.675923323560022715e-01 -1.857611332837118434e+00 -4.463033584836333806e-03 4.410529347968821456e-04 5.084465201269106749e-05 9.731970292211298017e-05 2.573618912213331278e+00 8.479140789430376079e-01 -2.860529256897031303e+00 -4.593544824674917315e+00 -5.256352736263402159e-01 -1.151716137091089998e+00 3.425395926157166038e+00 3.823601067013272736e+00 6.057863956078902845e+01 5.698967761231556040e+01 3.787556444719768223e+01 1.310257235682987620e+01 -1.692233812827914586e-03 -6.715901059762351783e-04 -3.442236441146599712e-03 5.720951058636770080e-03 1.852675582076319938e-02 5.147329950723894543e-02
2.331080584628379151e-05 4.892465362396958067e-04 -4.713921569416657203e-05 -3.227242940711040652e-05 3.186585785109042582e-04 -1.371658157873407134e-02 2.022880398805836921e-01 -1.463453630450596288e+00 -8.009326427243295635e-04 -5.389435206395948655e-04 4.139533848209397070e-04 -1.388165558934914697e-04 -1.140769827867926089e+01 1.614852393155268739e+00 8.027250029606657122e+00 -1.204602692965230126e+01 -6.201604077733461340e-01 -3.498532173373261056e-01 5.746496697180837998e+00 8.873535394566433254e+00 -5.603387636097501456e+01 3.787556444719768223e+01 8.347397381677059514e+01 4.994918573045310950e+01 -1.660655583986012573e-03 -7.458858820310151905e-03 -2.035385902243037545e-02 -9.465137405398031320e-03 1.319341585719083915e-02 3.298708815180206172e-02
2.635906310898061128e-03 3.413692726242424560e-03 -3.021471516371857850e-05 2.520308164799487595e-05 3.648370060647066832e-05 -3.024589443854727375e-02 3.025253574252853572e-01 -1.340769338864225002e+00 9.802664685148204551e-05 -3.479098551438017774e-04 3.507568223631478757e-04 -1.129369096601941149e-03 -5.249284489946730048e+01 5.427476127132613293e-01 5.225145689635009028e+00 -8.862824727799912594e+00 -8.416771300418037782e-01 -8.087274014683545342e-01 5.600717149874960832e+00 3.254371406164258929e+01 -5.701871626646251912e+01 1.310257235682987620e+01 4.994918573045310950e+01 9.912279199669615082e+01 -2.377583614195170371e-03 -1.456170504387495216e-03 -1.041932315559360167e-02 -1.440436786938037450e-02 -5.814025093421723925e-03 -7.627550767097283566e-03
6.977533487728517509e-06 -1.834244875091748062e-07 -1.130904161388828597e-07 9.520515579809815747e-09 -5.032620026780168706e-07 3.838128691744248610e-05 -5.264361439062011094e-04 3.407381106910998842e-03 2.455743631200748114e-06 9.454410111776751023e-07 4.075267193186218259e-07 6.982511139399237250e-07 -2.234668380159027072e-03 3.284493056040211733e-05 -2.044482152573808540e-05 2.283773296056046496e-04 -7.271735170705503426e-04 1.193484019825451041e-03 2.307854431019004584e-03 5.115203205381902915e-03 1.038507998696301844e-02 -1.692233812827913936e-03 -1.660655583986011923e-03 -2.377583614195169937e-03 1.423794664187238773e-03 2.493723608529249984e-04 1.331283893532787203e-04 -3.688476430614900719e-04 -1.698262076587990477e-04 -3.534608706421066889e-04
1.487235818268910983e-06 2.853979887630344241e-06 -3.197574361471577363e-08 -8.932277460005709148e-08 -1.527340617325862924e-06 4.079945784165763244e-06 -3.970759890247522756e-04 5.300107341462349797e-03 2.093220785529508712e-06 4.620597027617995428e-07 3.494826054152576939e-07 1.977511909763956135e-07 4.260783175853207893e-05 -1.424529026682594456e-04 -2.130113171421704407e-03 5.948425062598784686e-04 -2.573839732097541301e-04 -1.901218527987942305e-03 -3.036317223749738971e-03 -2.666561032310701875e-03 1.230860696017514570e-02 -6.715901059762337689e-04 -7.458858820310151037e-03 -1.456170504387495216e-03 2.493723608529249984e-04 8.854277180915783247e-04 -2.424024683701348051e-05 7.125375530409520757e-04 -8.522739186923566823e-06 -9.338444588095022982e-04
-1.935286675539927569e-05 1.030051986070653976e-06 6.552369652410808614e-07 4.527122416607656491e-07 3.559432337951444638e-06 2.474499801563932863e-04 -3.054116715262806397e-03 1.626035413900979443e-02 -1.147127123009024776e-05 -2.462331264560154779e-06 1.950007374144469800e-08 1.968633883474782319e-07 6.697885810374339241e-04 -4.070761979379995178e-04 -5.371694084305334189e-03 2.700617160993291389e-03 3.943314885925854225e-03 -2.763191834958636430e-03 -1.049530228994632192e-02 -1.110399614021979377e-02 2.347422463854339711e-02 -3.442236441146597110e-03 -2.035385902243037892e-02 -1.041932315559359994e-02 1.331283893532787203e-04 -2.424024683701350084e-05 7.374554380344285759e-03 -3.603499964262272160e-04 6.836306534510867101e-04 4.883641167606997922e-03
-1.531249852740983243e-05 -1.595341814881574586e-06 -1.172397963492605734e-07 -3.526657082856156874e-07 -1.098735386111809192e-06 -8.851003622465399131e-05 1.124856728153651123e-03 -1.710723889355440352e-03 -4.063608331744155909e-06 -1.668623790923785891e-06 9.768948733059024048e-07 4.033002061051857402e-07 6.952149125199934970e-03 -5.724560339252463697e-06 -4.315463696086832557e-03 4.010143529715128399e-03 -9.083115306654434163e-04 3.979253969436566374e-04 -1.333745948338713010e-03 -7.620318598888916814e-04 3.513531935772247483e-02 5.720951058636767478e-03 -9.465137405398031320e-03 -1.440436786938037450e-02 -3.688476430614900719e-04 7.125375530409520757e-04 -3.603499964262272160e-04 2.823420881354644311e-03 5.775290003034052157e-04 -9.482309005828713994e-04
-3.903624474107079701e-05 -8.735093169220485763e-06 -3.888280576496593029e-07 -1.291643690418780165e-07 3.625143963330720782e-06 -1.397109232464811130e-04 1.380301086523714202e-03 -5.321053038757712385e-03 -2.014185876264793312e-05 -3.895247852081459092e-06 3.484203738695186501e-08 -6.556764407132041328e-08 5.144047935391931128e-03 6.193929128313250361e-04 -1.811356304777658266e-03 1.194690975239106690e-03 -6.454710899263058771e-04 -2.007348904583815838e-04 -1.830822128825220852e-03 -7.685966158142044403e-03 5.789473969941955761e-02 1.852675582076319938e-02 1.319341585719083915e-02 -5.814025093421721323e-03 -1.698262076587990477e-04 -8.522739186923571905e-06 6.836306534510867101e-04 5.775290003034052157e-04 6.662044005599117302e-03 8.231386058239231404e-03
-1.651166898175364893e-04 -2.027090684473322816e-05 -1.692400188057143524e-06 1.417799537076393072e-07 7.869429894982595287e-06 7.391841502920111929e-04 -2.902887579860948149e-03 -2.127084534773380012e-02 -1.065897870492724266e-04 1.501830410211865207e-05 -4.542321911232142167e-06 -2.166582956462898997e-06 1.763070737354433849e-03 2.747546773588958532e-03 -1.531022049068509611e-02 1.101652637660609745e-02 3.948360363997449086e-03 1.056354532369710095e-02 -5.202501585416872097e-03 -5.622775926485591366e-03 8.431417694340408164e-02 5.147329950723894543e-02 3.298708815180206172e-02 -7.627550767097286168e-03 -3.534608706421066889e-04 -9.338444588095022982e-04 4.883641167606997922e-03 -9.482309005828713994e-04 8.231386058239231404e-03 7.130960837576229283e-02
