# logA ns theta_MC_100 ombh2 omch2 w wa beta_DE tau A_planck calib_100T calib_217T A_cib_217 xi_sz_cib A_sz ksz_norm gal545_A_100 gal545_A_143 gal545_A_143_217 gal545_A_217 ps_A_100_100 ps_A_143_143 ps_A_143_217 ps_A_217_217 galf_TE_A_100 galf_TE_A_100_143 galf_TE_A_100_217 galf_TE_A_143 galf_TE_A_143_217 galf_TE_A_217
1.955179489420829308e-04 1.885960343551062925e-05 1.042716156591509088e-06 5.968179162337693713e-07 -7.080480118990117454e-06 4.781959363240597879e-05 -1.404983699492152625e-03 1.744294134305408861e-02 1.015376847694053776e-04 3.883034480724970055e-06 1.910502186231184676e-07 -6.779144609630897414e-08 -1.411025191836708624e-03 5.766057173713144777e-05 5.385113910737204801e-04 -1.400698997325419432e-03 -2.139204066121468779e-04 -3.469964685428334069e-04 -1.036759127874790345e-03 -6.862092171492456495e-04 -5.124788500036694255e-03 -6.719595177156065073e-03 -2.246603449426872248e-03 -6.749289036372806572e-04 -1.478567094732639940e-05 1.132132949772151038e-05 1.247753990627050176e-05 -4.476576704265113619e-07 3.131415974620570561e-06 -4.194965767363604479e-05
1.885960343551062925e-05 1.559255238135258208e-05 3.393376737977137087e-07 1.976313981141490642e-07 -2.717577495830953117e-06 1.005709566385975355e-05 -1.561028724513268448e-04 3.153450973630466531e-03 1.165451953105643588e-05 1.665518479712007626e-06 -5.259482709043482579e-08 -6.059552071275748733e-08 -4.094286687281467781e-03 1.059150547013810030e-04 1.038367064854183982e-03 -2.349343249695836321e-03 1.502609092978125706e-04 -5.003477131114265159e-04 -4.159409882733480909e-04 1.121616400276678315e-03 -2.280838337681444228e-02 -6.083335721147351514e-03 2.312799486189667016e-03 5.188673564124336203e-03 -3.224281852761028622e-06 1.857580531890458641e-06 3.276281673518430102e-06 -6.276832681076018933e-07 -2.468764748556706055e-06 -2.373246309347826619e-06
1.042716156591509088e-06 3.393376737977137087e-07 9.078981396328495452e-08 1.360155405520685472e-08 -8.838108466746760321e-08 8.005911926416033505e-07 -1.819236290177919204e-05 2.404179260604499076e-04 4.894445255704955071e-07 8.859246966472334353e-08 -1.475763337986938798e-09 3.194680026561907643e-09 -1.124205222915709554e-05 4.623432085812942930e-07 -2.836823142838376670e-06 -8.756341134440715320e-06 -1.960897579005068746e-07 -1.630192094466144495e-05 -8.637649534823308833e-06 1.294735321799144606e-05 -9.628260218390935629e-05 -4.004181135419769956e-05 -3.136825519531004900e-05 -6.722913014898815063e-06 -3.738828932481791936e-07 -6.535977664491912586e-08 4.431719149786195406e-07 -2.570207805213211232e-07 1.076705957004501884e-07 -7.396932701477936223e-08
5.968179162337693713e-07 1.976313981141490642e-07 1.360155405520685472e-08 1.888266511029969749e-08 -7.088162883341142619e-08 2.945042362044784225e-07 -4.385481694943628230e-06 9.523484893613691320e-05 2.952886732356357743e-07 4.535357726148825368e-08 2.545599195956680504e-09 -3.281325147749562897e-09 -9.467330813097637489e-05 2.249533688502697999e-06 2.186554503465887284e-05 -3.507975626025241339e-05 -4.932337128637574601e-06 -1.057984896112401744e-05 -6.430381591793229534e-06 2.980833654410491447e-05 -3.783021886495318794e-04 -1.866819347352081644e-04 -2.517359216238703476e-05 4.838714252661173134e-05 -1.968273512748186442e-07 -4.074018245847351472e-08 1.222370149780546596e-07 -1.859353788947763283e-07 -3.711446601370880903e-07 -1.881268884833782690e-06
-7.080480118990117454e-06 -2.717577495830953117e-06 -8.838108466746760321e-08 -7.088162883341142619e-08 1.105558224749602265e-06 -3.008971572523233972e-06 5.683366969955713809e-05 -1.193698445300354297e-03 -4.018186604905562103e-06 -7.923253335084148105e-07 -2.499321292258185626e-08 1.233520782932413936e-08 2.204202600890140266e-04 -1.126791642831793892e-05 -1.154405042371236189e-04 1.474046914615504387e-04 2.829528252004409830e-05 3.667577856149729904e-05 -2.207675764990835740e-05 -1.592896358880379574e-04 9.982816113666876951e-04 6.207886729010502489e-04 -1.813833743678532607e-05 -2.192114969497406616e-04 1.296048586396999916e-06 -4.547639784330138914e-07 -2.583659914432598779e-06 1.391726784235903721e-07 1.772887971514756679e-07 4.484802761254215751e-06
4.781959363240597879e-05 1.005709566385975355e-05 8.005911926416033505e-07 2.945042362044784225e-07 -3.008971572523233972e-06 6.076385183454113999e-03 -5.448799603107434830e-02 1.398923651154987957e-01 2.729556056330455092e-05 -1.080805393743152474e-06 1.535724062324391815e-06 -1.957062438031528822e-07 -2.592410652114171543e-02 4.079712066077175077e-04 4.465027839565736912e-04 -8.847513641449426336e-04 -1.020194744017902501e-03 -1.255540252596061557e-03 4.037795468412271049e-03 2.001322844870688164e-02 -3.254306821927391291e-02 3.522431253186574050e-03 1.270372813216497955e-02 3.473561560331317466e-02 5.632040548178651013e-05 2.598814119974315399e-05 6.616027897273387391e-05 -2.235716141814809315e-06 -2.597126262073691717e-05 -4.329669864296258226e-04
-1.404983699492152625e-03 -1.561028724513268177e-04 -1.819236290177918866e-05 -4.385481694943629077e-06 5.683366969955713132e-05 -5.448799603107434830e-02 7.394841404257957995e-01 -2.957846594871754053e+00 -6.442441606190987304e-04 -1.029533263579676027e-04 -1.566991184855252836e-05 -2.046101674211416164e-06 1.892428065347325217e-01 -2.917118814335498567e-03 -2.505680217475447433e-02 3.028655179488611709e-02 2.134670697097536263e-02 2.540255807965399043e-02 -3.256070925763971530e-02 -1.694098019983266701e-01 3.160646921061919246e-01 -6.898450407518427752e-02 -2.057488760641545955e-01 -3.498557127314363968e-01 -3.371956090808830462e-04 -4.594784862098969501e-05 -1.318096937092541523e-03 3.570373265608732223e-04 3.607158412704455637e-04 3.408200368430839775e-03
1.744294134305408861e-02 3.153450973630466531e-03 2.404179260604499076e-04 9.523484893613689964e-05 -1.193698445300354297e-03 1.398923651154987680e-01 -2.957846594871754053e+00 2.100859100134173829e+01 8.147804223851303623e-03 1.813269857936630975e-03 6.505365684900003885e-05 4.977783521295454254e-06 -2.770267958705442402e-01 3.839646343785963183e-03 3.026220133097893839e-01 -3.051385161762792397e-01 -1.392601421536373944e-02 -1.692968841058855312e-01 1.304651232910364889e-01 5.283249857347562806e-01 -2.742257435245067931e+00 -4.862887254856352315e-01 5.693270746964614881e-01 9.780125740036718085e-01 5.971810904171962050e-04 -2.268848271537290333e-04 6.357446225816363976e-03 -4.687450217143332085e-03 1.385441636463673491e-03 -4.629173056984634341e-03
1.015376847694053776e-04 1.165451953105643588e-05 4.894445255704955071e-07 2.952886732356357743e-07 -4.018186604905562103e-06 2.729556056330454753e-05 -6.442441606190987304e-04 8.147804223851303623e-03 5.799018086234563376e-05 -2.143740057386730944e-06 4.206215858084560454e-08 -5.210817332265311180e-08 -8.504112164378792565e-04 1.816450239933557097e-05 3.704955371238714042e-04 -5.901473042007334639e-04 3.179418601568087326e-05 2.524947163986179712e-05 -4.086949898122618037e-04 -9.497996121436198423e-04 -5.607623803709480860e-03 -4.520275340718546940e-03 -2.099874568693065567e-03 -2.191599847938442355e-03 -9.385345087954635276e-06 6.650392323424872671e-06 7.502369543804046557e-06 2.039018470321745212e-06 1.722182961923559437e-07 -2.767089583159916259e-05
3.883034480724970055e-06 1.665518479712007626e-06 8.859246966472334353e-08 4.535357726148825368e-08 -7.923253335084148105e-07 -1.080805393743152263e-06 -1.029533263579676027e-04 1.813269857936630975e-03 -2.143740057386730944e-06 5.110709038946652499e-06 4.982199918617724200e-09 6.235612567584430583e-09 8.188625954176608759e-04 -5.315137547366014884e-06 2.956159747814756793e-05 7.616925810415111134e-05 -6.206139132838094205e-05 4.558109148193304790e-05 1.642153883919392687e-04 7.677025921788359049e-04 4.536238827708267106e-03 3.530484445579635871e-04 1.092435503477021141e-05 4.642316340730641899e-04 4.837240974890079812e-07 -3.220909164748924448e-07 1.810311274471603677e-06 -2.001568954711539294e-06 1.892560905256953217e-06 7.077394833832942121e-06
1.910502186231184676e-07 -5.259482709043482579e-08 -1.475763337986938798e-09 2.545599195956680504e-09 -2.499321292258185626e-08 1.535724062324391815e-06 -1.566991184855252836e-05 6.505365684900002530e-05 4.206215858084560454e-08 4.982199918617724200e-09 3.829520737297727504e-07 1.774510797419221463e-09 -2.064527320349267433e-04 4.716501189963748628e-06 9.177643282565020892e-05 -4.523722640492785341e-05 1.864695598474702285e-04 -1.832444062843585012e-04 7.587092196986525533e-06 1.165139219287954317e-04 3.592368426124415998e-03 1.076367209174999292e-04 3.512999927442201210e-04 3.852113473543587047e-04 7.202892309638921662e-07 2.940351768605212872e-07 -2.156446557388673847e-07 5.451974721693625700e-07 3.265894846293554812e-07 -3.603776672431352050e-07
-6.779144609630897414e-08 -6.059552071275748733e-08 3.194680026561907643e-09 -3.281325147749562897e-09 1.233520782932413936e-08 -1.957062438031529351e-07 -2.046101674211415316e-06 4.977783521295470347e-06 -5.210817332265309856e-08 6.235612567584430583e-09 1.774510797419221463e-09 3.791187547623042441e-07 6.642883513029511052e-04 -7.054551902853414057e-07 -2.717192771868765248e-05 -6.377839481192805574e-06 -2.631385515703111451e-06 -4.034133863711033597e-05 4.165161894462655542e-04 9.462794841660539941e-04 4.796686663325085273e-04 1.826352751881922770e-04 -2.835486209579180092e-04 -1.251411790669761234e-03 7.085217818768746819e-08 -2.190251728159332651e-07 9.329145193551011345e-07 2.361373304515498212e-07 7.854926158195514243e-07 1.772397718323632174e-06
-1.411025191836708407e-03 -4.094286687281467781e-03 -1.124205222915708537e-05 -9.467330813097637489e-05 2.204202600890140266e-04 -2.592410652114171196e-02 1.892428065347324662e-01 -2.770267958705442402e-01 -8.504112164378792565e-04 8.188625954176608759e-04 -2.064527320349267433e-04 6.642883513029511052e-04 4.455960679467318641e+01 -4.293080449261994502e-01 -5.900332219412457446e-01 -2.507399888814502709e-01 1.243053669321069754e-01 7.275520155519554777e-01 -5.235339307007880194e+00 -3.252772737540684034e+01 3.581483536284186897e+01 9.417143978476271160e-01 -1.384079391179747986e+01 -5.561877362260905500e+01 -2.809016438477167886e-03 -3.981338792268120964e-03 2.371040077347783166e-03 -7.149726536818098999e-03 -2.776721202584134587e-03 -7.515948654980757291e-04
5.766057173713144099e-05 1.059150547013810165e-04 4.623432085812946107e-07 2.249533688502697999e-06 -1.126791642831793892e-05 4.079712066077175619e-04 -2.917118814335498567e-03 3.839646343785954943e-03 1.816450239933558114e-05 -5.315137547366014884e-06 4.716501189963749475e-06 -7.054551902853416175e-07 -4.293080449261994502e-01 8.273120539249419203e-02 -4.546602516837849189e-02 4.993503656923421741e-02 -1.159151988242314128e-02 6.498938799247346368e-03 1.064528104108506817e-01 1.521571689795817584e-01 -5.628729011734251442e-01 9.287886911203300233e-01 1.720983403263181222e+00 6.766473638737818819e-01 -1.059454927956695897e-04 2.318499105405295402e-04 1.801710213929280581e-04 2.060882313574113336e-04 -9.235367675942741689e-05 -1.582194383492656342e-03
5.385113910737204801e-04 1.038367064854183982e-03 -2.836823142838374129e-06 2.186554503465887284e-05 -1.154405042371236054e-04 4.465027839565739081e-04 -2.505680217475447433e-02 3.026220133097893839e-01 3.704955371238714042e-04 2.956159747814758826e-05 9.177643282565020892e-05 -2.717192771868765248e-05 -5.900332219412457446e-01 -4.546602516837849189e-02 3.885923699206299542e+00 -2.737047245789840932e+00 -1.921597578967664532e-01 1.364636911298360844e-01 2.596640281554930763e+00 3.080183941015100846e+00 -3.107800655386636279e+01 -3.317914730854195859e+00 7.811012421516354109e+00 5.103758315287614700e+00 1.084041628086973271e-03 2.123833803289663620e-04 -9.075398749587075499e-04 -6.302138544692659780e-04 -1.578264745299364988e-03 -7.778455585284771477e-04
-1.400698997325419215e-03 -2.349343249695836754e-03 -8.756341134440715320e-06 -3.507975626025241339e-05 1.474046914615504387e-04 -8.847513641449416578e-04 3.028655179488610669e-02 -3.051385161762791842e-01 -5.901473042007334639e-04 7.616925810415108424e-05 -4.523722640492785341e-05 -6.377839481192814891e-06 -2.507399888814502709e-01 4.993503656923421741e-02 -2.737047245789840932e+00 5.823608639637005702e+00 1.536024674512669330e-01 -1.879594529256135571e-01 -2.062720231985268438e+00 -2.331806518916900384e+00 1.443040718388225407e+01 -4.805874690586540154e+00 -1.176485513174595177e+01 -8.957859776441953414e+00 -5.915430672882355688e-04 -3.312502090406966465e-04 5.861813535910913742e-04 5.951090542389645809e-04 1.876163770636606965e-03 6.451794002508628133e-03
-2.139204066121469050e-04 1.502609092978125706e-04 -1.960897579005073511e-07 -4.932337128637576296e-06 2.829528252004409491e-05 -1.020194744017902718e-03 2.134670697097535916e-02 -1.392601421536371169e-02 3.179418601568084616e-05 -6.206139132838091495e-05 1.864695598474702285e-04 -2.631385515703113145e-06 1.243053669321069754e-01 -1.159151988242314475e-02 -1.921597578967664810e-01 1.536024674512669330e-01 3.312272359036998459e+00 4.792771266956501464e-01 1.085811166967168423e-01 -1.526106181610223551e-02 -7.042494220657279591e+00 -5.466958453066802504e-01 -1.005717076168939572e+00 -5.899940796539302479e-01 1.524722391907762592e-03 -4.713135103037729306e-04 -5.173146035463066289e-04 -8.328349279978161396e-04 -1.922252082095534092e-04 6.218599044185489470e-03
-3.469964685428334069e-04 -5.003477131114265159e-04 -1.630192094466144156e-05 -1.057984896112401744e-05 3.667577856149729904e-05 -1.255540252596061123e-03 2.540255807965399390e-02 -1.692968841058855034e-01 2.524947163986179373e-05 4.558109148193304112e-05 -1.832444062843585283e-04 -4.034133863711034275e-05 7.275520155519555887e-01 6.498938799247348970e-03 1.364636911298360566e-01 -1.879594529256136126e-01 4.792771266956501464e-01 3.167257913762947741e+00 2.726899390469772477e+00 2.688787279576881240e+00 6.201961693784901364e+00 -1.245185100289449620e+00 -8.598579221179771803e-01 -1.544317704151189297e+00 -4.789535899980280334e-04 -1.098179609415501478e-03 1.067819614814159018e-03 -1.124478424807111082e-03 1.006343420297285728e-03 2.190840684617785961e-04
-1.036759127874790345e-03 -4.159409882733480909e-04 -8.637649534823305445e-06 -6.430381591793230381e-06 -2.207675764990836418e-05 4.037795468412269315e-03 -3.256070925763970836e-02 1.304651232910364889e-01 -4.086949898122618037e-04 1.642153883919392958e-04 7.587092196986526381e-06 4.165161894462655542e-04 -5.235339307007881082e+00 1.064528104108506817e-01 2.596640281554930763e+00 -2.062720231985268438e+00 1.085811166967168423e-01 2.726899390469773365e+00 1.065446984320411694e+01 1.876053362229313137e+01 -1.145456081173473706e+01 3.382928638499375751e+00 4.810756916126983640e+00 4.869736957944043709e+00 -2.995789575029264985e-04 -2.641765093350968035e-04 1.848111307825291236e-03 7.066878319610520303e-04 7.183178781261999020e-04 4.176286511310398075e-03
-6.862092171492456495e-04 1.121616400276678315e-03 1.294735321799144437e-05 2.980833654410491108e-05 -1.592896358880379574e-04 2.001322844870688164e-02 -1.694098019983266701e-01 5.283249857347561695e-01 -9.497996121436198423e-04 7.677025921788359049e-04 1.165139219287954046e-04 9.462794841660539941e-04 -3.252772737540684034e+01 1.521571689795817584e-01 3.080183941015100846e+00 -2.331806518916900384e+00 -1.526106181610221817e-02 2.688787279576881240e+00 1.876053362229313137e+01 5.236024497940849187e+01 -2.240216833963351561e+01 4.482353304050659126e+00 8.182760310916583180e+00 3.305014830726015873e+01 1.761119837078691311e-03 1.532359237384665375e-03 1.655648129269964106e-03 6.082905674670735507e-03 3.008561075733837912e-03 1.661887760315764601e-02
-5.124788500036691653e-03 -2.280838337681444228e-02 -9.628260218390934273e-05 -3.783021886495318794e-04 9.982816113666876951e-04 -3.254306821927391291e-02 3.160646921061918690e-01 -2.742257435245067931e+00 -5.607623803709480860e-03 4.536238827708267973e-03 3.592368426124415998e-03 4.796686663325084731e-04 3.581483536284186897e+01 -5.628729011734252552e-01 -3.107800655386636279e+01 1.443040718388225407e+01 -7.042494220657279591e+00 6.201961693784901364e+00 -1.145456081173473706e+01 -2.240216833963351561e+01 7.926084853705621072e+02 6.903147911312943563e+01 -5.959552670151501275e+01 -6.307497434645178913e+01 -1.381683411072706993e-02 2.647983071477585698e-04 3.986093272234210450e-03 -1.854463774368904708e-03 2.385234529035974715e-02 -7.168361831168842957e-02
-6.719595177156065940e-03 -6.083335721147351514e-03 -4.004181135419770634e-05 -1.866819347352081644e-04 6.207886729010502489e-04 3.522431253186575351e-03 -6.898450407518430527e-02 -4.862887254856352870e-01 -4.520275340718547807e-03 3.530484445579635329e-04 1.076367209174999156e-04 1.826352751881922770e-04 9.417143978476271160e-01 9.287886911203300233e-01 -3.317914730854195859e+00 -4.805874690586540154e+00 -5.466958453066803614e-01 -1.245185100289449620e+00 3.382928638499375751e+00 4.482353304050660014e+00 6.903147911312943563e+01 6.035242032294637227e+01 3.983773398018018952e+01 1.557659022850433139e+01 -1.024841382889375664e-03 5.016188691710032552e-03 4.606312884865824270e-03 7.515767507449165608e-03 4.550079612832825561e-03 -1.653297540370911659e-02
-2.246603449426872248e-03 2.312799486189667016e-03 -3.136825519531004900e-05 -2.517359216238704154e-05 -1.813833743678532607e-05 1.270372813216498128e-02 -2.057488760641545678e-01 5.693270746964614881e-01 -2.099874568693065567e-03 1.092435503477022666e-05 3.512999927442200668e-04 -2.835486209579180092e-04 -1.384079391179747809e+01 1.720983403263181222e+00 7.811012421516355886e+00 -1.176485513174595177e+01 -1.005717076168939572e+00 -8.598579221179770693e-01 4.810756916126983640e+00 8.182760310916583180e+00 -5.959552670151502696e+01 3.983773398018018952e+01 8.642887926641560625e+01 5.370097286296262951e+01 2.307788599592784564e-03 7.437486331943843169e-03 2.532856743902812176e-03 9.164487201380249956e-03 1.792022804613543647e-03 -2.850611713837864977e-02
-6.749289036372801151e-04 5.188673564124336203e-03 -6.722913014898816757e-06 4.838714252661173134e-05 -2.192114969497406616e-04 3.473561560331316772e-02 -3.498557127314363413e-01 9.780125740036716975e-01 -2.191599847938441488e-03 4.642316340730641899e-04 3.852113473543587047e-04 -1.251411790669761234e-03 -5.561877362260905500e+01 6.766473638737818819e-01 5.103758315287614700e+00 -8.957859776441953414e+00 -5.899940796539302479e-01 -1.544317704151189297e+00 4.869736957944043709e+00 3.305014830726015873e+01 -6.307497434645178913e+01 1.557659022850433139e+01 5.370097286296262951e+01 1.041658175380967748e+02 6.244151462550358127e-03 7.051739684848451831e-03 -5.103735008502190140e-03 1.062937356859247444e-02 6.265144664938428372e-03 -5.903621093310563658e-03
-1.478567094732639940e-05 -3.224281852761029045e-06 -3.738828932481792465e-07 -1.968273512748186177e-07 1.296048586396999705e-06 5.632040548178648981e-05 -3.371956090808831547e-04 5.971810904171955545e-04 -9.385345087954635276e-06 4.837240974890080871e-07 7.202892309638921662e-07 7.085217818768738878e-08 -2.809016438477167019e-03 -1.059454927956695897e-04 1.084041628086973488e-03 -5.915430672882349182e-04 1.524722391907762159e-03 -4.789535899980282502e-04 -2.995789575029267696e-04 1.761119837078691094e-03 -1.381683411072707861e-02 -1.024841382889375664e-03 2.307788599592785431e-03 6.244151462550358127e-03 1.467924230189978849e-03 2.696255562254284630e-04 1.025279145405842837e-04 -4.244081124437354001e-04 -1.108053499406752806e-04 -1.565023862491044101e-04
1.132132949772151038e-05 1.857580531890458217e-06 -6.535977664491908616e-08 -4.074018245847352134e-08 -4.547639784330138914e-07 2.598814119974315399e-05 -4.594784862098961369e-05 -2.268848271537284098e-04 6.650392323424873518e-06 -3.220909164748924978e-07 2.940351768605212872e-07 -2.190251728159332651e-07 -3.981338792268120964e-03 2.318499105405295402e-04 2.123833803289665789e-04 -3.312502090406968633e-04 -4.713135103037724427e-04 -1.098179609415501912e-03 -2.641765093350969119e-04 1.532359237384666025e-03 2.647983071477580819e-04 5.016188691710032552e-03 7.437486331943842302e-03 7.051739684848451831e-03 2.696255562254284630e-04 8.873268142278659251e-04 3.987621637597912785e-05 7.202310889686247813e-04 5.103444403051971603e-05 -5.643742482636950573e-04
1.247753990627050176e-05 3.276281673518430102e-06 4.431719149786193289e-07 1.222370149780546331e-07 -2.583659914432599202e-06 6.616027897273386036e-05 -1.318096937092541523e-03 6.357446225816363976e-03 7.502369543804046557e-06 1.810311274471602830e-06 -2.156446557388671994e-07 9.329145193551009228e-07 2.371040077347780130e-03 1.801710213929279497e-04 -9.075398749587074414e-04 5.861813535910918079e-04 -5.173146035463063036e-04 1.067819614814158801e-03 1.848111307825292104e-03 1.655648129269964323e-03 3.986093272234210450e-03 4.606312884865823402e-03 2.532856743902811743e-03 -5.103735008502191008e-03 1.025279145405842701e-04 3.987621637597912785e-05 7.100969183931262960e-03 -2.958143616287485229e-04 7.600474506197095383e-04 4.631327331130346420e-03
-4.476576704265133206e-07 -6.276832681076004110e-07 -2.570207805213211761e-07 -1.859353788947763812e-07 1.391726784235903192e-07 -2.235716141814817361e-06 3.570373265608730597e-04 -4.687450217143329483e-03 2.039018470321746059e-06 -2.001568954711539294e-06 5.451974721693624641e-07 2.361373304515498212e-07 -7.149726536818098131e-03 2.060882313574112794e-04 -6.302138544692661949e-04 5.951090542389642557e-04 -8.328349279978162481e-04 -1.124478424807110648e-03 7.066878319610528977e-04 6.082905674670737242e-03 -1.854463774368906659e-03 7.515767507449167342e-03 9.164487201380249956e-03 1.062937356859247617e-02 -4.244081124437354001e-04 7.202310889686247813e-04 -2.958143616287485229e-04 2.885810986810536435e-03 5.521227010726752248e-04 -6.007364205906617341e-04
3.131415974620570561e-06 -2.468764748556707326e-06 1.076705957004501884e-07 -3.711446601370880374e-07 1.772887971514758797e-07 -2.597126262073692055e-05 3.607158412704454011e-04 1.385441636463671973e-03 1.722182961923576907e-07 1.892560905256952793e-06 3.265894846293556401e-07 7.854926158195513184e-07 -2.776721202584134587e-03 -9.235367675942737623e-05 -1.578264745299365205e-03 1.876163770636607398e-03 -1.922252082095541681e-04 1.006343420297285294e-03 7.183178781262009862e-04 3.008561075733837045e-03 2.385234529035974715e-02 4.550079612832825561e-03 1.792022804613544297e-03 6.265144664938425770e-03 -1.108053499406752806e-04 5.103444403051971603e-05 7.600474506197093215e-04 5.521227010726752248e-04 6.353520494549126131e-03 7.957668542951202434e-03
-4.194965767363604479e-05 -2.373246309347825772e-06 -7.396932701477922988e-08 -1.881268884833782690e-06 4.484802761254216598e-06 -4.329669864296258226e-04 3.408200368430841076e-03 -4.629173056984632606e-03 -2.767089583159916259e-05 7.077394833832944662e-06 -3.603776672431344109e-07 1.772397718323632174e-06 -7.515948654980868964e-04 -1.582194383492656776e-03 -7.778455585284749793e-04 6.451794002508630735e-03 6.218599044185489470e-03 2.190840684617796261e-04 4.176286511310398075e-03 1.661887760315764601e-02 -7.168361831168842957e-02 -1.653297540370911659e-02 -2.850611713837863589e-02 -5.903621093310563658e-03 -1.565023862491044101e-04 -5.643742482636949489e-04 4.631327331130346420e-03 -6.007364205906617341e-04 7.957668542951202434e-03 7.140293535146936821e-02
