# logA ns theta_MC_100 ombh2 omch2 w wa beta_DE tau A_planck calib_100T calib_217T A_cib_217 xi_sz_cib A_sz ksz_norm gal545_A_100 gal545_A_143 gal545_A_143_217 gal545_A_217 ps_A_100_100 ps_A_143_143 ps_A_143_217 ps_A_217_217 galf_TE_A_100 galf_TE_A_100_143 galf_TE_A_100_217 galf_TE_A_143 galf_TE_A_143_217 galf_TE_A_217
1.837901867145640036e-04 1.440118698428606809e-05 6.665368177303102514e-07 4.952126120745989833e-07 -5.268049098838728865e-06 -1.348795735053762070e-03 1.683902771240782968e-03 1.353998672890751806e-02 9.499196747119220176e-05 2.644270136635427511e-06 5.786287049176044081e-08 -1.203957834257025021e-07 -2.853743531007035383e-03 2.856225736680302856e-05 7.754093771881727468e-04 -8.570115820232109558e-04 3.694526190512822808e-04 1.044647210843692117e-04 -4.754614046666301680e-04 9.518334271306702621e-04 -1.345435761978887312e-02 -9.862564824294194413e-03 -3.255595945797174970e-03 3.953391433200875997e-04 -5.928591422631294384e-06 4.740816634233360524e-06 -4.199860023232106244e-06 -3.079801175353315082e-06 -2.518306376356265971e-05 -7.939853223918233427e-05
1.440118698428606809e-05 1.823974736321504219e-05 4.230590332372393343e-07 2.636355423958869722e-07 -3.717610034178993698e-06 4.553575010457837856e-04 -2.465777844091648950e-04 -3.980399003146832537e-03 1.091312470197728914e-05 1.382962012302697371e-06 -6.655146258895482608e-08 -1.320605197044505108e-08 -4.382195906088054600e-03 9.764102992454650614e-05 8.622248198640813325e-04 -2.328247416753696092e-03 4.585468541696394217e-04 -2.370775959230670034e-04 -2.656971645484159229e-04 1.534272142156150719e-03 -2.322190152221392453e-02 -7.081289046232517106e-03 7.222612110269780936e-04 4.627550941719946187e-03 -2.086130048311775009e-06 1.427379195878824111e-06 8.658997152220356745e-06 -4.971199823819652434e-06 -7.182218184075132171e-06 -5.292801941778747896e-05
6.665368177303102514e-07 4.230590332372393343e-07 9.402242660646834074e-08 1.584199316966651435e-08 -1.197242493644566751e-07 1.307721512852468498e-05 -4.231661882598088349e-06 -1.118269433309755585e-04 3.674670000569814061e-07 5.696286687437212899e-08 2.964467112259119536e-09 4.287925359355226059e-09 -1.046639419344605250e-05 -1.942547721617317432e-06 -4.622815441386698094e-06 -1.323198144100663949e-05 1.203982206283402178e-05 -1.136934544898785497e-05 -1.980363017046182648e-05 3.018056600885680164e-06 -1.713843185078359481e-04 -1.135230721446848698e-04 -1.067602365707885946e-04 -4.781084481693721619e-05 -1.740510813817870288e-07 3.341622641193463363e-08 5.207331405762997105e-07 -2.568054935961136151e-07 -9.428020553447748499e-07 -3.404089984470578715e-06
4.952126120745989833e-07 2.636355423958869722e-07 1.584199316966651435e-08 2.165934961001013398e-08 -9.764762231132237443e-08 1.056933931808757587e-05 -5.207518023693848265e-06 -1.000027638684863635e-04 2.935632729680796203e-07 2.810814431879588673e-08 9.465359744460337109e-10 -7.221851228020636395e-11 -8.023756998270014176e-05 2.064318110729915526e-06 1.702558614704711529e-05 -3.566569254108282170e-05 4.686452817830882770e-06 -8.381814530242716582e-07 -1.258707809203357711e-05 1.111838059915989077e-05 -3.638158389456984734e-04 -2.149740241301902424e-04 -5.403314109453958501e-05 1.294536671641181020e-05 -2.422076494003910362e-07 -1.071625435597660391e-07 3.046065864891233340e-07 -3.719615159413508005e-07 -6.443435415830656031e-07 -2.646093512701252364e-06
-5.268049098838728865e-06 -3.717610034178993698e-06 -1.197242493644566751e-07 -9.764762231132237443e-08 1.459307531690435243e-06 -1.508292109139054021e-04 9.044757316667419395e-05 1.327359972330787894e-03 -3.666408113199050470e-06 -6.708292437189679043e-07 5.699483145375032625e-09 1.147888214721058012e-09 2.672104793086447876e-04 -3.872167510669077305e-06 -9.169848288313651411e-05 2.289430050920346295e-04 -7.733445718099157969e-05 -2.754244501979799130e-05 9.617036800417994746e-06 -1.228940016231900732e-04 1.767081389615080423e-03 1.059668439704178388e-03 3.793541748724331441e-04 -1.439197670732160104e-04 1.469676202027533814e-06 -2.004981027335527248e-09 -2.959774656110542447e-06 2.380478364793815336e-06 5.171188049608506658e-06 1.625850426897615389e-05
-1.348795735053762070e-03 4.553575010457837314e-04 1.307721512852468498e-05 1.056933931808757587e-05 -1.508292109139054021e-04 5.994550376727503238e-01 -4.454357242198244693e-01 -3.104467826075917536e+00 -3.787701226010216815e-04 -9.895963383020838324e-05 -1.716372038484578858e-05 -1.271093366507337441e-06 -1.404576222197875257e-01 -2.987707588657793553e-03 1.900512738336269242e-02 -4.910350709505193617e-02 9.876778466631493114e-03 4.654379966466046237e-02 9.289049780840406834e-02 1.719625671410338341e-01 -6.477621878571458991e-01 -1.753328583465485480e-01 -1.447450706603894688e-01 1.064828824895761895e-02 1.157339373201109975e-04 -3.661384207425733331e-04 -1.151837577562471248e-04 -1.119302444517820120e-04 -1.999670526164344566e-03 -7.423870419321416080e-03
1.683902771240782968e-03 -2.465777844091648950e-04 -4.231661882598086655e-06 -5.207518023693849112e-06 9.044757316667419395e-05 -4.454357242198244693e-01 1.197716922241406357e+00 1.421934270904546604e+00 5.390518578880204147e-04 1.705630731699847330e-04 1.664100647887911813e-05 -7.416029062961469203e-06 1.410737376046322655e-01 4.511212066741409829e-03 3.595219957027471352e-02 -3.264237693964456774e-03 -3.365432520139879924e-02 -4.771672262457344466e-02 -7.776796367321929526e-02 -1.618759702331322436e-01 1.908038532788319114e-02 4.192681695440458878e-02 2.608857188960493345e-01 -1.480273238913774707e-02 -5.895421052924435749e-04 -1.754783638256393640e-04 -2.390456661893854400e-03 3.915379853599661088e-04 2.408128979563153079e-03 3.072225618043670971e-03
1.353998672890751806e-02 -3.980399003146831670e-03 -1.118269433309755585e-04 -1.000027638684863635e-04 1.327359972330788111e-03 -3.104467826075917536e+00 1.421934270904546604e+00 3.215229180174669921e+01 3.407115749320890116e-03 1.609126489751280548e-03 1.675497245548717936e-04 3.358793159877660508e-05 1.497971315916614810e+00 -6.930262543921454936e-04 1.780778831414830954e-02 3.574410893304645342e-01 9.852640062518790154e-02 -3.282970342606013614e-01 -5.227374689729088475e-01 -1.203329095843322039e+00 2.045240481946889677e+00 1.466927614089425402e+00 9.136250485632064766e-01 -3.798233012529127900e-02 -1.529152163075062770e-03 5.733904409140310994e-04 2.626401435485523940e-03 6.359432733204012193e-03 1.375503384988875470e-02 3.348688780349119709e-02
9.499196747119220176e-05 1.091312470197728914e-05 3.674670000569814061e-07 2.935632729680796203e-07 -3.666408113199050470e-06 -3.787701226010216273e-04 5.390518578880204147e-04 3.407115749320889248e-03 5.474954277497934735e-05 -2.543453070304367413e-06 -2.819859388319379877e-08 -8.404010281966047163e-08 -1.999147303649112094e-03 1.826563857714459842e-05 4.968991567417627717e-04 -3.193385983237256452e-04 2.534322679632140048e-04 2.226612541334652498e-04 -1.141867556766460351e-04 5.806715238876652074e-05 -1.164061200903862385e-02 -7.039668643356851961e-03 -2.974979167991022560e-03 -1.508222814911044278e-03 -2.130161467068923109e-06 2.473747519309596715e-06 2.116909315918511118e-06 -2.705292602753666850e-06 -1.481172596798907853e-05 -5.244920206669270241e-05
2.644270136635427511e-06 1.382962012302697371e-06 5.696286687437212899e-08 2.810814431879588673e-08 -6.708292437189679043e-07 -9.895963383020836969e-05 1.705630731699847330e-04 1.609126489751280331e-03 -2.543453070304367413e-06 4.793902677424178254e-06 -1.894661873265061218e-08 1.847107289207317336e-08 9.433760678501022746e-04 -1.616650851213860052e-05 3.816241288814480796e-05 -4.455918182895626117e-05 1.552394350476493494e-04 1.224246625927905496e-04 1.718207378150745984e-04 7.284887918108109376e-04 4.639671939767065108e-03 8.296008466416230189e-04 2.249985067427037234e-04 5.928289630288864501e-04 -1.120801359847897011e-06 9.534810428311006877e-07 -1.667457660708805706e-06 -9.164984412155864987e-07 -3.335726404268319025e-06 -4.098786494834656067e-06
5.786287049176044081e-08 -6.655146258895482608e-08 2.964467112259119536e-09 9.465359744460337109e-10 5.699483145375032625e-09 -1.716372038484578519e-05 1.664100647887912151e-05 1.675497245548717936e-04 -2.819859388319378554e-08 -1.894661873265061218e-08 3.737423780345843624e-07 2.325780876461663790e-09 -2.270817216489791433e-04 6.554865048646149734e-06 1.043326714752889354e-04 -4.893834362419401818e-05 1.872302631029372315e-04 -1.621387206198969099e-04 -3.077442070069706469e-05 6.863781883940548801e-05 3.630811229238833059e-03 4.338566445432710925e-05 4.424929343842098754e-04 3.976732878967163126e-04 -6.107300955015290193e-08 -2.154376112758342328e-07 -3.317830259285890763e-07 -6.158793780579937520e-08 -1.127417965874838971e-06 -1.311542735549192630e-06
-1.203957834257025021e-07 -1.320605197044505108e-08 4.287925359355226059e-09 -7.221851228020636395e-11 1.147888214721058012e-09 -1.271093366507339982e-06 -7.416029062961469203e-06 3.358793159877661863e-05 -8.404010281966048486e-08 1.847107289207317336e-08 2.325780876461663790e-09 3.799181617535208567e-07 6.392754020837171456e-04 -4.016489816254659512e-06 -2.595062399836975720e-05 -2.131218393041326039e-05 4.689927144831124588e-07 -2.753704698839231743e-05 4.022310074253803705e-04 9.485377410906950524e-04 1.802975672005496018e-04 3.914100063803906360e-05 -3.489386393326158998e-04 -1.206243909093495650e-03 -4.823438224626214675e-08 -3.167527636292529462e-08 1.720575973897612959e-06 4.516599072525401362e-08 4.887633604343124937e-07 -1.157940086200440393e-07
-2.853743531007035383e-03 -4.382195906088054600e-03 -1.046639419344605927e-05 -8.023756998270014176e-05 2.672104793086447334e-04 -1.404576222197875257e-01 1.410737376046322933e-01 1.497971315916614810e+00 -1.999147303649111661e-03 9.433760678501022746e-04 -2.270817216489791433e-04 6.392754020837171456e-04 4.342494978687770413e+01 -3.467762321370417289e-01 -6.060193277726600991e-01 -4.636996092894547505e-01 3.024313004150470247e-02 5.399048697101008765e-01 -5.476771567197231683e+00 -3.286982917228761636e+01 3.071198980087686792e+01 2.723619706433055843e+00 -1.113339780479801533e+01 -5.249345396379440842e+01 2.249571255185991384e-03 4.052299716048737323e-03 2.352769576961604922e-02 2.106678983509469461e-03 5.054399153554121893e-03 2.958353477756462888e-02
2.856225736680301840e-05 9.764102992454650614e-05 -1.942547721617317432e-06 2.064318110729915103e-06 -3.872167510669076458e-06 -2.987707588657794421e-03 4.511212066741409829e-03 -6.930262543921454936e-04 1.826563857714457809e-05 -1.616650851213860391e-05 6.554865048646149734e-06 -4.016489816254660359e-06 -3.467762321370416179e-01 7.955094229670359174e-02 -4.002842016335029368e-02 3.668960159002391391e-02 -4.819711147957672116e-03 1.254887604914922856e-02 1.042597613452421051e-01 1.218797914177202762e-01 -3.543514666717616501e-01 9.263403775532695894e-01 1.671892611756399027e+00 5.510932334316854808e-01 -1.430226304012215132e-04 -1.126833852826962821e-04 1.561928321353481610e-04 1.841189565070348606e-04 3.055661913713638052e-04 1.231974502958477213e-03
7.754093771881726384e-04 8.622248198640813325e-04 -4.622815441386699788e-06 1.702558614704711190e-05 -9.169848288313652766e-05 1.900512738336269242e-02 3.595219957027471352e-02 1.780778831414828525e-02 4.968991567417628801e-04 3.816241288814478763e-05 1.043326714752889489e-04 -2.595062399836975381e-05 -6.060193277726600991e-01 -4.002842016335029368e-02 3.777582556711285733e+00 -2.568233396674829194e+00 -1.646367626885796576e-01 1.458870193070751498e-01 2.656274925707531764e+00 3.266921788888876410e+00 -2.893002910074866207e+01 -3.222659552479703482e+00 7.316796569760252389e+00 4.735518786555130255e+00 5.275088097441223318e-04 -7.828113908286746638e-04 3.736759725604127543e-04 -1.457620939880336286e-04 1.636266877986892326e-03 -8.163889100209887825e-03
-8.570115820232109558e-04 -2.328247416753696092e-03 -1.323198144100663780e-05 -3.566569254108282170e-05 2.289430050920346295e-04 -4.910350709505193617e-02 -3.264237693964458509e-03 3.574410893304645342e-01 -3.193385983237256452e-04 -4.455918182895628150e-05 -4.893834362419401818e-05 -2.131218393041326377e-05 -4.636996092894548060e-01 3.668960159002391391e-02 -2.568233396674829194e+00 5.629644660631369035e+00 5.083977835726535832e-02 -1.321930012841218971e-01 -2.023137345508185803e+00 -2.234337336572270072e+00 1.331109987283554652e+01 -5.252967284047370455e+00 -1.149067212357357981e+01 -8.430909947962415885e+00 -4.514148947558582975e-04 -9.310622391739023401e-06 1.341353395671330813e-04 -6.555254041207867572e-04 1.851505361462039317e-04 2.594647481707221606e-02
3.694526190512822808e-04 4.585468541696394217e-04 1.203982206283402347e-05 4.686452817830881076e-06 -7.733445718099156614e-05 9.876778466631486175e-03 -3.365432520139878536e-02 9.852640062518792929e-02 2.534322679632140590e-04 1.552394350476493223e-04 1.872302631029372315e-04 4.689927144831091236e-07 3.024313004150467471e-02 -4.819711147957673851e-03 -1.646367626885796576e-01 5.083977835726536526e-02 3.342952812401104090e+00 5.153264025146290228e-01 2.004474004561279665e-01 2.472674960652568033e-01 -6.582649512301458117e+00 -4.202218476270204173e-01 -6.467257534402522934e-01 -3.346361578293761130e-01 -1.179658712038664020e-03 7.276888893163647879e-04 8.700520336868736680e-04 -1.171203362343226822e-03 -4.200052894001149277e-03 -8.056042594768469955e-03
1.044647210843691033e-04 -2.370775959230670034e-04 -1.136934544898785497e-05 -8.381814530242718700e-07 -2.754244501979798452e-05 4.654379966466046237e-02 -4.771672262457343772e-02 -3.282970342606014724e-01 2.226612541334651956e-04 1.224246625927905496e-04 -1.621387206198969099e-04 -2.753704698839231743e-05 5.399048697101008765e-01 1.254887604914922856e-02 1.458870193070751498e-01 -1.321930012841218693e-01 5.153264025146290228e-01 3.093080919273445861e+00 2.621658515518421773e+00 2.667899277644073308e+00 5.335988552963671694e+00 -1.778150676073222414e+00 -9.339249760942611722e-01 -1.434924676108847885e+00 2.492463758842495235e-03 -6.113985751849741702e-04 -2.151845093864487250e-03 -1.092035273677460132e-03 -2.068796405986182956e-03 -8.854066774671461373e-03
-4.754614046666301680e-04 -2.656971645484158145e-04 -1.980363017046183325e-05 -1.258707809203357881e-05 9.617036800417991358e-06 9.289049780840406834e-02 -7.776796367321930914e-02 -5.227374689729087365e-01 -1.141867556766460622e-04 1.718207378150745713e-04 -3.077442070069707824e-05 4.022310074253803705e-04 -5.476771567197231683e+00 1.042597613452421051e-01 2.656274925707531764e+00 -2.023137345508185803e+00 2.004474004561279110e-01 2.621658515518421773e+00 1.060552004653358793e+01 1.902121510407471305e+01 -1.118534616536870274e+01 3.068584466141718980e+00 4.719406162910774860e+00 4.830199209515943615e+00 3.125662155747267919e-03 -1.355618452777043997e-03 -8.673818032160425170e-03 -2.729975663055871429e-03 -4.288946726706901330e-03 -1.065260019940340343e-02
9.518334271306705873e-04 1.534272142156150719e-03 3.018056600885676776e-06 1.111838059915989077e-05 -1.228940016231900732e-04 1.719625671410338064e-01 -1.618759702331322159e-01 -1.203329095843322039e+00 5.806715238876619548e-05 7.284887918108109376e-04 6.863781883940547445e-05 9.485377410906950524e-04 -3.286982917228761636e+01 1.218797914177202901e-01 3.266921788888876410e+00 -2.234337336572270072e+00 2.472674960652568033e-01 2.667899277644073308e+00 1.902121510407471305e+01 5.348533518576472545e+01 -2.105115241512640267e+01 3.264595222766032201e+00 7.457056112205795451e+00 3.235628053074422894e+01 2.055346382743999684e-03 -2.597612037208172318e-03 -2.993031724507704341e-02 -2.042662311900991356e-03 -1.425706595375547843e-02 -3.184407965128458612e-02
-1.345435761978887312e-02 -2.322190152221392453e-02 -1.713843185078359752e-04 -3.638158389456984734e-04 1.767081389615080206e-03 -6.477621878571460101e-01 1.908038532788327440e-02 2.045240481946890565e+00 -1.164061200903862385e-02 4.639671939767065108e-03 3.630811229238833059e-03 1.802975672005496831e-04 3.071198980087686792e+01 -3.543514666717616501e-01 -2.893002910074866207e+01 1.331109987283555007e+01 -6.582649512301458117e+00 5.335988552963671694e+00 -1.118534616536870274e+01 -2.105115241512640267e+01 7.445117055533407893e+02 6.814456097413597035e+01 -4.729186943705922630e+01 -5.358120525997173189e+01 3.058488312782967327e-03 -1.036628805917284022e-03 6.409367202559105138e-04 -1.005112095118355399e-02 -6.245248455651790376e-02 3.475286057131753148e-02
-9.862564824294194413e-03 -7.081289046232517106e-03 -1.135230721446848698e-04 -2.149740241301902424e-04 1.059668439704178388e-03 -1.753328583465484924e-01 4.192681695440453327e-02 1.466927614089425180e+00 -7.039668643356851961e-03 8.296008466416230189e-04 4.338566445432711602e-05 3.914100063803905682e-05 2.723619706433055843e+00 9.263403775532695894e-01 -3.222659552479703482e+00 -5.252967284047370455e+00 -4.202218476270204173e-01 -1.778150676073222414e+00 3.068584466141718980e+00 3.264595222766032201e+00 6.814456097413597035e+01 6.228919706559855740e+01 4.079796744525324925e+01 1.364624653790154873e+01 -7.980945594665110479e-04 2.685511238725453269e-03 -1.465700390884714342e-02 1.016754485796166931e-02 -6.347355084016739583e-03 1.676325502454427754e-02
-3.255595945797174970e-03 7.222612110269780936e-04 -1.067602365707886081e-04 -5.403314109453958501e-05 3.793541748724331983e-04 -1.447450706603894965e-01 2.608857188960493900e-01 9.136250485632064766e-01 -2.974979167991022126e-03 2.249985067427038318e-04 4.424929343842098212e-04 -3.489386393326158998e-04 -1.113339780479801533e+01 1.671892611756399027e+00 7.316796569760252389e+00 -1.149067212357357981e+01 -6.467257534402524044e-01 -9.339249760942610612e-01 4.719406162910774860e+00 7.457056112205795451e+00 -4.729186943705922630e+01 4.079796744525324925e+01 8.330349991897399775e+01 4.858086362179871998e+01 -4.476922611935046405e-03 -3.648695980276313658e-03 -4.057729395208166043e-03 1.134292741496352105e-02 5.007579996860482031e-03 -7.976299933121761346e-03
3.953391433200874913e-04 4.627550941719946187e-03 -4.781084481693721619e-05 1.294536671641181189e-05 -1.439197670732160375e-04 1.064828824895759814e-02 -1.480273238913772278e-02 -3.798233012529143859e-02 -1.508222814911043845e-03 5.928289630288864501e-04 3.976732878967163126e-04 -1.206243909093495650e-03 -5.249345396379440842e+01 5.510932334316854808e-01 4.735518786555130255e+00 -8.430909947962414108e+00 -3.346361578293762240e-01 -1.434924676108847885e+00 4.830199209515943615e+00 3.235628053074422894e+01 -5.358120525997173189e+01 1.364624653790154873e+01 4.858086362179872708e+01 9.759451788307116260e+01 -2.681246933046211017e-03 -5.946320273970030421e-03 -2.423739642891521370e-02 8.494859489330591675e-04 7.026541372307028603e-04 -5.980911947995212752e-02
-5.928591422631296079e-06 -2.086130048311775856e-06 -1.740510813817869494e-07 -2.422076494003910362e-07 1.469676202027533814e-06 1.157339373201110518e-04 -5.895421052924439001e-04 -1.529152163075062553e-03 -2.130161467068920992e-06 -1.120801359847897011e-06 -6.107300955015295487e-08 -4.823438224626202102e-08 2.249571255185991384e-03 -1.430226304012214590e-04 5.275088097441226571e-04 -4.514148947558578638e-04 -1.179658712038664020e-03 2.492463758842495235e-03 3.125662155747267919e-03 2.055346382743996649e-03 3.058488312782966026e-03 -7.980945594665105058e-04 -4.476922611935047272e-03 -2.681246933046212318e-03 1.455598933919778539e-03 2.977416338192214124e-04 1.151908659943021607e-04 -3.288562389638199066e-04 -4.731176124438868006e-05 2.076267589758875709e-04
4.740816634233357983e-06 1.427379195878823899e-06 3.341622641193465348e-08 -1.071625435597660391e-07 -2.004981027335527248e-09 -3.661384207425732247e-04 -1.754783638256393640e-04 5.733904409140318584e-04 2.473747519309596715e-06 9.534810428311004759e-07 -2.154376112758342593e-07 -3.167527636292529462e-08 4.052299716048738190e-03 -1.126833852826962550e-04 -7.828113908286747722e-04 -9.310622391738659177e-06 7.276888893163648963e-04 -6.113985751849741702e-04 -1.355618452777043997e-03 -2.597612037208172318e-03 -1.036628805917287057e-03 2.685511238725453269e-03 -3.648695980276313658e-03 -5.946320273970032155e-03 2.977416338192214124e-04 8.672323653567301201e-04 5.590166209820669041e-05 7.168051709323640126e-04 9.822023697281084527e-05 -6.285165406477180800e-04
-4.199860023232104550e-06 8.658997152220356745e-06 5.207331405762997105e-07 3.046065864891233340e-07 -2.959774656110542447e-06 -1.151837577562474230e-04 -2.390456661893854400e-03 2.626401435485523506e-03 2.116909315918510271e-06 -1.667457660708804435e-06 -3.317830259285891292e-07 1.720575973897612959e-06 2.352769576961604922e-02 1.561928321353481610e-04 3.736759725604122122e-04 1.341353395671341655e-04 8.700520336868735596e-04 -2.151845093864487250e-03 -8.673818032160425170e-03 -2.993031724507704341e-02 6.409367202559174527e-04 -1.465700390884714516e-02 -4.057729395208166043e-03 -2.423739642891521370e-02 1.151908659943021607e-04 5.590166209820668364e-05 7.294563572681254417e-03 -2.924221358846173873e-04 6.118391485161119329e-04 4.755906083455139349e-03
-3.079801175353314235e-06 -4.971199823819652434e-06 -2.568054935961136151e-07 -3.719615159413508005e-07 2.380478364793815336e-06 -1.119302444517820120e-04 3.915379853599657836e-04 6.359432733204014795e-03 -2.705292602753666850e-06 -9.164984412155864987e-07 -6.158793780579933550e-08 4.516599072525397391e-08 2.106678983509469461e-03 1.841189565070348335e-04 -1.457620939880333033e-04 -6.555254041207864320e-04 -1.171203362343227255e-03 -1.092035273677460349e-03 -2.729975663055871863e-03 -2.042662311900992223e-03 -1.005112095118355572e-02 1.016754485796166931e-02 1.134292741496352105e-02 8.494859489330604686e-04 -3.288562389638199066e-04 7.168051709323640126e-04 -2.924221358846173873e-04 2.828009252694085093e-03 5.359267615853895248e-04 -1.317634357034155098e-03
-2.518306376356265971e-05 -7.182218184075132171e-06 -9.428020553447748499e-07 -6.443435415830656031e-07 5.171188049608506658e-06 -1.999670526164344566e-03 2.408128979563153079e-03 1.375503384988875470e-02 -1.481172596798907514e-05 -3.335726404268319025e-06 -1.127417965874838971e-06 4.887633604343124937e-07 5.054399153554120158e-03 3.055661913713635883e-04 1.636266877986893844e-03 1.851505361462045822e-04 -4.200052894001149277e-03 -2.068796405986182089e-03 -4.288946726706903065e-03 -1.425706595375547669e-02 -6.245248455651790376e-02 -6.347355084016741318e-03 5.007579996860480297e-03 7.026541372307028603e-04 -4.731176124438868683e-05 9.822023697281085882e-05 6.118391485161119329e-04 5.359267615853895248e-04 6.563675016679683394e-03 8.144184870089693495e-03
-7.939853223918232072e-05 -5.292801941778747896e-05 -3.404089984470577868e-06 -2.646093512701252364e-06 1.625850426897615389e-05 -7.423870419321415212e-03 3.072225618043670104e-03 3.348688780349121097e-02 -5.244920206669270919e-05 -4.098786494834656914e-06 -1.311542735549192206e-06 -1.157940086200438276e-07 2.958353477756462888e-02 1.231974502958476997e-03 -8.163889100209884356e-03 2.594647481707221259e-02 -8.056042594768469955e-03 -8.854066774671459639e-03 -1.065260019940340516e-02 -3.184407965128457918e-02 3.475286057131754536e-02 1.676325502454427754e-02 -7.976299933121764815e-03 -5.980911947995212752e-02 2.076267589758875438e-04 -6.285165406477180800e-04 4.755906083455139349e-03 -1.317634357034155098e-03 8.144184870089693495e-03 7.108020998857361716e-02
