# logA ns theta_MC_100 ombh2 omch2 w wa beta_DE tau A_planck calib_100T calib_217T A_cib_217 xi_sz_cib A_sz ksz_norm gal545_A_100 gal545_A_143 gal545_A_143_217 gal545_A_217 ps_A_100_100 ps_A_143_143 ps_A_143_217 ps_A_217_217 galf_TE_A_100 galf_TE_A_100_143 galf_TE_A_100_217 galf_TE_A_143 galf_TE_A_143_217 galf_TE_A_217
1.928363130217971709e-04 1.574620745037690238e-05 7.079511559540201873e-07 5.227277511029183849e-07 -5.971046974499021437e-06 -3.929008977001264670e-07 -1.131599654212796843e-03 1.789497074167870419e-02 1.004495769518960350e-04 2.238888001023809521e-06 5.022561282798237353e-08 -1.766222113780860230e-07 -6.958931456736820904e-03 2.347028126650139133e-04 -1.164057924426204231e-03 1.615647271183100881e-04 -6.190604240616600805e-04 -2.110381120334698572e-04 -9.094065236226422889e-04 1.155204092991763982e-03 -1.250738927899438212e-03 -6.506514546693759407e-03 -2.212481602710874348e-03 6.416422344763085019e-03 4.868425058839790708e-06 -4.714129928110582306e-06 -1.810279579014980445e-05 -7.805737753027479142e-06 -1.963086532793872560e-05 -6.598949221607918272e-05
1.574620745037690238e-05 1.510389928834434546e-05 2.726377468525525458e-07 1.543465331924065505e-07 -2.385591828593818459e-06 -6.468182561940497017e-06 -1.532132400179326106e-05 2.783028384896777101e-03 1.003891865332723121e-05 1.429431553859496644e-06 1.262287072574507484e-07 -5.281691707249172569e-08 -5.422838805322257802e-03 1.041852573757458576e-04 8.888919196935939028e-04 -2.256600927979889645e-03 2.022739581567682481e-04 -6.436584207006728351e-04 -5.884318055556582482e-04 1.678519038492613021e-03 -1.959089765982702236e-02 -6.271870973986628899e-03 2.062726663758486078e-03 6.697543680236067373e-03 -1.595302213466121892e-06 3.200087634310827955e-06 5.113682326100026440e-06 3.950078028065663699e-06 -4.267495740379949773e-06 -4.229959189338937256e-05
7.079511559540201873e-07 2.726377468525525458e-07 8.573728296269500431e-08 1.218056723538109993e-08 -6.913263888678688830e-08 -1.701552210710520204e-07 -6.711095215573079736e-06 1.610870944667469227e-04 3.101630372747629012e-07 8.185913317538473428e-08 1.242256726279452696e-08 6.942874213210474767e-11 -3.678115515456212330e-05 1.243143458672558874e-06 3.051094780022644000e-05 -2.643120281705635716e-05 -1.018811854147188390e-06 -8.526511107727505767e-06 3.733729218619028021e-05 4.471058631463662938e-05 5.640028971431552821e-05 2.253826520860479238e-05 7.551294402172013418e-05 1.265942820080895976e-04 -1.967781748259140727e-07 2.843715111022476498e-08 2.290728736117102986e-07 -2.083931359602539011e-07 -8.818459022519409860e-07 -1.133714074642409124e-06
5.227277511029183849e-07 1.543465331924065505e-07 1.218056723538109993e-08 1.721073132990230429e-08 -5.943087451200101356e-08 1.268205613577630962e-07 -2.587495970333099724e-06 7.657151946535436734e-05 2.586115418888106661e-07 3.111679528251085007e-08 6.507360198907496880e-09 -2.429490674942218396e-09 -8.270843790351582519e-05 2.145204644700687164e-08 2.301668629807261980e-05 -3.523948254649799809e-05 -4.861260117930280619e-06 -5.730478737471748088e-06 -8.861959602995335517e-06 8.828752918724983717e-06 -2.038025954870444382e-04 -2.009867929697097824e-04 -5.672133107382842845e-05 6.919968730211075879e-05 -3.753332725672971109e-07 -7.192206853235550458e-08 -8.762737861828965090e-08 -1.924735997674196403e-07 -7.892839250910389238e-07 -1.558750679465648243e-06
-5.971046974499021437e-06 -2.385591828593818459e-06 -6.913263888678688830e-08 -5.943087451200101356e-08 9.773026383008571926e-07 -1.456500708640122518e-07 3.017621392506710410e-05 -1.136240842820963361e-03 -3.448867956759260365e-06 -6.718695948514086168e-07 -2.158265903251657171e-08 -1.412303721126804001e-08 3.947946273408509403e-04 4.959392982303766832e-07 -6.727890079246641789e-05 1.798551386819626202e-04 3.725126440537283997e-05 8.996747746594004684e-06 -2.305512884305626527e-05 -3.186765005494427653e-04 4.337637172178353479e-04 6.636717069118531738e-04 1.257622702547702429e-04 -5.899901440816507792e-04 1.219683224956425845e-06 2.584973966733870330e-07 -9.303261675985629912e-07 -7.610010057397323399e-07 6.547903656984193783e-07 5.891604422056602767e-06
-3.929008977001264670e-07 -6.468182561940497017e-06 -1.701552210710520204e-07 1.268205613577630962e-07 -1.456500708640122518e-07 5.916122014934083705e-03 -5.025149830854003241e-02 1.063812853838358302e-01 -6.451273015683762703e-06 6.503749499631998569e-06 -9.452050317965671535e-07 -4.673692648848861738e-07 -4.127211966268578159e-04 8.922634997620497422e-05 2.054145817440143629e-03 -5.257758908455598904e-04 3.943216669046872846e-03 4.890400684730677149e-03 -1.507732493131194859e-03 -5.466895470397649046e-03 -6.536126807879268086e-02 -6.934420364465467522e-03 1.570311679280446751e-02 1.976553959819884673e-02 5.173752882628512305e-06 2.037213747140743071e-05 -1.088378733128957424e-04 6.179880053875822865e-05 1.098652711255974633e-05 -1.233065629443412905e-04
-1.131599654212796843e-03 -1.532132400179324412e-05 -6.711095215573081430e-06 -2.587495970333100148e-06 3.017621392506709732e-05 -5.025149830854003241e-02 6.959065958378364281e-01 -2.761817758166080772e+00 -4.067920990587304609e-04 -1.788207002980299050e-04 -3.088259312464124437e-06 1.815867936551522631e-06 -8.613090365613643856e-03 -4.088587181081450479e-03 7.151813838416743070e-03 6.130820583684810920e-03 -5.511732965859780786e-02 -2.884397568350286628e-02 5.848772959396497488e-03 5.469597084284433947e-02 1.010954942405730000e-01 7.457115625022820229e-03 -1.584157168181895559e-01 -2.754307774981885060e-01 -1.549089965946652330e-04 -1.918153315128666295e-04 2.492725030474149134e-03 -1.172035722612969552e-03 -5.957899847517982234e-04 3.484396305983344412e-03
1.789497074167870419e-02 2.783028384896777101e-03 1.610870944667469227e-04 7.657151946535436734e-05 -1.136240842820963144e-03 1.063812853838358163e-01 -2.761817758166080772e+00 2.128526823662257073e+01 8.014101146010867496e-03 2.189690001656269085e-03 9.062481803906277699e-05 3.505847249615357388e-05 7.551669191340490417e-02 5.994508704503644786e-02 -5.554831428744054778e-01 3.964318879997336120e-02 2.631670862565886337e-01 4.974800479779276779e-02 -4.095793386781809708e-01 -7.995853242067980648e-01 5.918278972111925107e+00 4.068946417032666685e-01 5.032107035805472028e-01 1.601727145429473254e+00 5.038133057087205817e-04 -1.743379360441897445e-03 1.710177082408774257e-03 5.971391960630733318e-03 1.007978283248357580e-02 -2.297068355679725629e-02
1.004495769518960350e-04 1.003891865332722952e-05 3.101630372747629541e-07 2.586115418888106661e-07 -3.448867956759260365e-06 -6.451273015683766938e-06 -4.067920990587304067e-04 8.014101146010867496e-03 5.744621292071989933e-05 -2.876274244880550520e-06 -3.505709009596411113e-08 -8.853810330319879010e-08 -3.979797066872182466e-03 1.185813084041322646e-04 -7.246466435523125828e-04 4.334511358640448487e-04 -1.829541736081630393e-04 2.336974279903572953e-05 -5.612269996655216498e-04 5.246644372106911298e-05 -2.969081465383186999e-03 -4.285406515859035460e-03 -2.496652371325827971e-03 1.372154116338560959e-03 2.403798932526021127e-06 -1.008373108578003657e-06 -5.960841504495288495e-06 -2.857140195547535166e-06 -5.550434824265071709e-06 -3.633599604717240473e-05
2.238888001023809521e-06 1.429431553859496644e-06 8.185913317538473428e-08 3.111679528251085007e-08 -6.718695948514086168e-07 6.503749499631998569e-06 -1.788207002980298779e-04 2.189690001656269518e-03 -2.876274244880550520e-06 4.924588147505917244e-06 2.604852680610611681e-08 2.204284281703326390e-08 7.621692420294521849e-04 -1.139822605097640774e-05 1.816363778182130697e-04 -1.737130339287294635e-04 1.883047910414018138e-05 7.664498345328646541e-05 3.195866609374604819e-04 1.013526045725043380e-03 4.392668250577213239e-03 6.015196808358816080e-04 6.886843884861220235e-04 1.007834648491727101e-03 -6.890555294319364426e-07 -1.974788722274348135e-06 -2.667002890892905863e-06 -1.127144476561013774e-07 -9.229394835323720214e-07 -6.682850477011261124e-06
5.022561282798237353e-08 1.262287072574507484e-07 1.242256726279452696e-08 6.507360198907496880e-09 -2.158265903251657171e-08 -9.452050317965671535e-07 -3.088259312464124437e-06 9.062481803906277699e-05 -3.505709009596411113e-08 2.604852680610611681e-08 3.467313189318944239e-07 1.817700233018919547e-09 -1.976487521355196669e-04 1.202540274138919616e-05 6.794936274214835364e-05 -7.157141329201623429e-05 2.123363478778385229e-04 -1.329639722166872770e-04 -2.457544696650427229e-05 2.504103173159747889e-05 3.468987520866262646e-03 4.852346093607577584e-05 4.343681918852413922e-04 3.859103397378041834e-04 3.285161862101993932e-07 1.553649675994961194e-07 1.608955003356788814e-06 6.405836355144365535e-07 -1.831099600066125913e-06 -3.075221176159770275e-06
-1.766222113780860230e-07 -5.281691707249172569e-08 6.942874213210474767e-11 -2.429490674942218396e-09 -1.412303721126804001e-08 -4.673692648848861738e-07 1.815867936551523902e-06 3.505847249615355355e-05 -8.853810330319885627e-08 2.204284281703326390e-08 1.817700233018919547e-09 3.840974599052917135e-07 6.650502862665602991e-04 5.781011433868296517e-06 -4.763298048549404525e-05 2.587379744033494432e-05 -2.470670438593736503e-05 -1.241876575910787599e-05 4.475159984777119697e-04 1.007144484143660673e-03 8.840752596325632869e-04 2.811929907720755344e-04 -2.081377770263533652e-04 -1.305963608504501607e-03 -1.834776145847137517e-07 -4.024450902096456675e-07 7.786350677534147254e-07 -5.114221633918566262e-07 -9.736570202301967026e-07 -2.207319872195523269e-06
-6.958931456736822639e-03 -5.422838805322257802e-03 -3.678115515456211653e-05 -8.270843790351582519e-05 3.947946273408508861e-04 -4.127211966268578159e-04 -8.613090365613643856e-03 7.551669191340501519e-02 -3.979797066872182466e-03 7.621692420294521849e-04 -1.976487521355196669e-04 6.650502862665602991e-04 4.609933298743118257e+01 -3.448846195408656334e-01 -7.368489627188415936e-01 -4.277021458638190499e-01 1.045814676556559991e-01 5.062183999475403651e-01 -6.270154985788803259e+00 -3.515701189653913161e+01 3.619650666223317614e+01 3.734059827060792092e+00 -1.099654103317067033e+01 -5.523695714836907200e+01 2.304543648032742961e-03 -2.790240137655279791e-03 -9.920500521031163157e-03 -3.601974088036410384e-04 -9.321767523050696405e-03 -3.292231544993047543e-02
2.347028126650139133e-04 1.041852573757458576e-04 1.243143458672558874e-06 2.145204644700710656e-08 4.959392982303765773e-07 8.922634997620483869e-05 -4.088587181081451347e-03 5.994508704503644786e-02 1.185813084041322646e-04 -1.139822605097640774e-05 1.202540274138919447e-05 5.781011433868296517e-06 -3.448846195408656334e-01 8.387968060316405849e-02 -3.504768247980082074e-02 3.766764358348095865e-02 -5.034161312787091905e-03 2.677369015735090070e-03 1.393477599415954005e-01 1.481348386920749161e-01 -3.457199275894640156e-01 9.604761087957569554e-01 1.747288656781621485e+00 5.662135658241237435e-01 8.463366486378849629e-05 9.147576832183524546e-05 -3.368454666044071351e-04 1.707363866934995950e-04 4.435501340624601555e-04 3.317539937558581543e-03
-1.164057924426204231e-03 8.888919196935939028e-04 3.051094780022644000e-05 2.301668629807261980e-05 -6.727890079246643144e-05 2.054145817440142328e-03 7.151813838416734397e-03 -5.554831428744055888e-01 -7.246466435523124744e-04 1.816363778182130697e-04 6.794936274214835364e-05 -4.763298048549403848e-05 -7.368489627188415936e-01 -3.504768247980082768e-02 3.821567121777200704e+00 -2.845348077073505344e+00 -2.326350889708535818e-01 3.206894078367822920e-01 2.974280090928676845e+00 3.786338140224785764e+00 -2.884488539467865920e+01 -3.050435987844735131e+00 7.689152509842763550e+00 5.244660872745473768e+00 -5.054820045342256929e-05 1.299853798642763804e-03 -1.816478744355843949e-03 -2.212625808363954949e-03 -2.223030416312843545e-03 -1.324496931125564506e-02
1.615647271183099796e-04 -2.256600927979889645e-03 -2.643120281705634361e-05 -3.523948254649799809e-05 1.798551386819625660e-04 -5.257758908455584810e-04 6.130820583684819594e-03 3.964318879997336120e-02 4.334511358640447945e-04 -1.737130339287294635e-04 -7.157141329201626139e-05 2.587379744033494093e-05 -4.277021458638190499e-01 3.766764358348095865e-02 -2.845348077073505344e+00 5.964525447836087402e+00 1.473675347709143268e-01 -3.478088234262626810e-01 -2.416728125630617896e+00 -2.637962162832129920e+00 1.298570730547716501e+01 -4.809832785172229563e+00 -1.195379426084709173e+01 -8.950489225712191299e+00 1.793772993571711135e-03 -3.550942316194541978e-03 7.724114022572451744e-04 1.302133325176322957e-03 6.542902236145738994e-03 8.854972130411776013e-03
-6.190604240616600805e-04 2.022739581567682481e-04 -1.018811854147186272e-06 -4.861260117930278924e-06 3.725126440537283997e-05 3.943216669046873714e-03 -5.511732965859781480e-02 2.631670862565886893e-01 -1.829541736081630665e-04 1.883047910414020171e-05 2.123363478778385229e-04 -2.470670438593735826e-05 1.045814676556559575e-01 -5.034161312787090170e-03 -2.326350889708536096e-01 1.473675347709143546e-01 3.299175227799849175e+00 5.260001298551384430e-01 1.543225049782618874e-01 8.263302728069117642e-02 -4.909648116260313166e+00 -1.093182651121177851e-01 -9.374416384534723923e-01 -5.902872727179236945e-01 -3.494421216288032673e-04 -1.179700151223840197e-03 3.892274009815477678e-03 2.087932943939529648e-03 2.691171602657737964e-03 8.858779628057819946e-03
-2.110381120334698030e-04 -6.436584207006728351e-04 -8.526511107727507462e-06 -5.730478737471748088e-06 8.996747746593987744e-06 4.890400684730677149e-03 -2.884397568350286628e-02 4.974800479779275392e-02 2.336974279903572953e-05 7.664498345328645186e-05 -1.329639722166872770e-04 -1.241876575910788107e-05 5.062183999475403651e-01 2.677369015735088769e-03 3.206894078367822920e-01 -3.478088234262626810e-01 5.260001298551384430e-01 3.185041215311384288e+00 2.982247426794096157e+00 3.293666108923300140e+00 6.969090908947209506e+00 -1.324957078521059151e+00 -5.142705314793531990e-01 -1.133690799396286586e+00 1.426537878850781611e-04 -8.408686159436585313e-04 -1.452666083661177622e-03 3.510224317362857071e-04 -1.599604534296655660e-03 -1.109528695256159839e-02
-9.094065236226422889e-04 -5.884318055556582482e-04 3.733729218619028021e-05 -8.861959602995335517e-06 -2.305512884305626527e-05 -1.507732493131194859e-03 5.848772959396497488e-03 -4.095793386781810264e-01 -5.612269996655216498e-04 3.195866609374605361e-04 -2.457544696650426213e-05 4.475159984777119697e-04 -6.270154985788803259e+00 1.393477599415954005e-01 2.974280090928676845e+00 -2.416728125630617896e+00 1.543225049782618874e-01 2.982247426794096157e+00 1.195020881287902803e+01 2.136603702794951332e+01 -9.311885746767067928e+00 4.125082105252886322e+00 6.300699629898303122e+00 6.072618673506020137e+00 2.310332502092312453e-04 -5.037612005507179904e-04 -8.319830303950203829e-03 -1.979991593749496574e-03 -3.974089412018624065e-04 5.754848128440846408e-03
1.155204092991764199e-03 1.678519038492613021e-03 4.471058631463662938e-05 8.828752918724983717e-06 -3.186765005494427653e-04 -5.466895470397646443e-03 5.469597084284433253e-02 -7.995853242067976208e-01 5.246644372106924850e-05 1.013526045725043380e-03 2.504103173159749583e-05 1.007144484143660673e-03 -3.515701189653913161e+01 1.481348386920749161e-01 3.786338140224785764e+00 -2.637962162832129920e+00 8.263302728069116254e-02 3.293666108923300584e+00 2.136603702794951332e+01 5.815369974407506959e+01 -1.970878501375194602e+01 4.243251113578324407e+00 9.112361155182512107e+00 3.478397429732542889e+01 -2.686859294585054042e-03 -1.513931380004029589e-03 8.332764497097094490e-04 -3.991735538820717806e-03 5.946803909154232438e-03 4.563062934608135002e-02
-1.250738927899437561e-03 -1.959089765982702236e-02 5.640028971431552821e-05 -2.038025954870444382e-04 4.337637172178353479e-04 -6.536126807879269474e-02 1.010954942405731111e-01 5.918278972111925107e+00 -2.969081465383185698e-03 4.392668250577213239e-03 3.468987520866262646e-03 8.840752596325632869e-04 3.619650666223317614e+01 -3.457199275894639046e-01 -2.884488539467865920e+01 1.298570730547716501e+01 -4.909648116260313166e+00 6.969090908947209506e+00 -9.311885746767067928e+00 -1.970878501375194247e+01 7.454171683858288588e+02 6.868193298669062585e+01 -4.970052246074148883e+01 -6.257016686208758216e+01 -1.074794351072887871e-02 -2.467750268354071495e-03 4.596220701291160379e-03 1.793123335045083630e-02 -6.753762846915160878e-02 1.369220425019496666e-02
-6.506514546693760274e-03 -6.271870973986628899e-03 2.253826520860478900e-05 -2.009867929697097824e-04 6.636717069118531738e-04 -6.934420364465467522e-03 7.457115625022854924e-03 4.068946417032669460e-01 -4.285406515859034593e-03 6.015196808358817164e-04 4.852346093607580972e-05 2.811929907720755344e-04 3.734059827060791648e+00 9.604761087957569554e-01 -3.050435987844735131e+00 -4.809832785172228675e+00 -1.093182651121177712e-01 -1.324957078521059151e+00 4.125082105252887210e+00 4.243251113578325295e+00 6.868193298669062585e+01 6.255263588456821111e+01 4.067293476167364474e+01 1.163523163125493198e+01 1.176884922122647991e-03 4.916641195921025304e-03 -6.233157182439430337e-03 5.005919343517504540e-03 1.705259778612700297e-02 1.143713596243189218e-01
-2.212481602710874348e-03 2.062726663758486078e-03 7.551294402172012063e-05 -5.672133107382842845e-05 1.257622702547702700e-04 1.570311679280447445e-02 -1.584157168181895559e-01 5.032107035805472028e-01 -2.496652371325827971e-03 6.886843884861219151e-04 4.343681918852413922e-04 -2.081377770263533652e-04 -1.099654103317067033e+01 1.747288656781621263e+00 7.689152509842763550e+00 -1.195379426084708818e+01 -9.374416384534722813e-01 -5.142705314793531990e-01 6.300699629898303122e+00 9.112361155182512107e+00 -4.970052246074148883e+01 4.067293476167364474e+01 8.516219885013791213e+01 4.926282572159515638e+01 -1.110865863426518593e-03 1.212528817850757820e-02 3.695453051286395289e-03 -2.190292310854740319e-04 6.455789142715984835e-03 8.174894864411713646e-02
6.416422344763085019e-03 6.697543680236068241e-03 1.265942820080895976e-04 6.919968730211075879e-05 -5.899901440816506708e-04 1.976553959819885020e-02 -2.754307774981885060e-01 1.601727145429473698e+00 1.372154116338561176e-03 1.007834648491727101e-03 3.859103397378041834e-04 -1.305963608504501607e-03 -5.523695714836907200e+01 5.662135658241237435e-01 5.244660872745473768e+00 -8.950489225712191299e+00 -5.902872727179236945e-01 -1.133690799396286586e+00 6.072618673506020137e+00 3.478397429732542889e+01 -6.257016686208758216e+01 1.163523163125493198e+01 4.926282572159515638e+01 1.012519338452228936e+02 -3.351137598865881490e-03 1.228582282744200734e-02 1.619146192373424609e-02 5.064330805392997653e-04 8.043663009013846468e-03 2.332633364095951234e-02
4.868425058839789861e-06 -1.595302213466122104e-06 -1.967781748259140727e-07 -3.753332725672971109e-07 1.219683224956426057e-06 5.173752882628508070e-06 -1.549089965946650975e-04 5.038133057087197143e-04 2.403798932526022398e-06 -6.890555294319371837e-07 3.285161862101994462e-07 -1.834776145847137517e-07 2.304543648032742528e-03 8.463366486378852340e-05 -5.054820045342263706e-05 1.793772993571711568e-03 -3.494421216288030505e-04 1.426537878850778088e-04 2.310332502092319229e-04 -2.686859294585051874e-03 -1.074794351072887004e-02 1.176884922122648424e-03 -1.110865863426521195e-03 -3.351137598865880189e-03 1.444585084569141803e-03 2.174929056524831127e-04 2.120647774264128112e-05 -4.007160619196603883e-04 -1.432086808247652458e-04 1.652378333528578482e-04
-4.714129928110584847e-06 3.200087634310827955e-06 2.843715111022469881e-08 -7.192206853235551782e-08 2.584973966733869272e-07 2.037213747140742055e-05 -1.918153315128666295e-04 -1.743379360441896578e-03 -1.008373108578001963e-06 -1.974788722274348135e-06 1.553649675994961459e-07 -4.024450902096456675e-07 -2.790240137655281092e-03 9.147576832183529968e-05 1.299853798642763587e-03 -3.550942316194541978e-03 -1.179700151223840631e-03 -8.408686159436585313e-04 -5.037612005507177736e-04 -1.513931380004029372e-03 -2.467750268354069326e-03 4.916641195921025304e-03 1.212528817850757994e-02 1.228582282744200734e-02 2.174929056524831127e-04 8.625667676090933078e-04 2.789676895376912350e-05 7.821026085324546927e-04 -3.128887942599802566e-07 -1.068290874376824585e-03
-1.810279579014980445e-05 5.113682326100027287e-06 2.290728736117102986e-07 -8.762737861828962443e-08 -9.303261675985628854e-07 -1.088378733128957424e-04 2.492725030474149134e-03 1.710177082408775124e-03 -5.960841504495288495e-06 -2.667002890892906287e-06 1.608955003356788814e-06 7.786350677534146195e-07 -9.920500521031168362e-03 -3.368454666044071351e-04 -1.816478744355844816e-03 7.724114022572446323e-04 3.892274009815477678e-03 -1.452666083661178055e-03 -8.319830303950205563e-03 8.332764497097105332e-04 4.596220701291153440e-03 -6.233157182439424265e-03 3.695453051286395289e-03 1.619146192373424956e-02 2.120647774264131162e-05 2.789676895376912350e-05 7.404546252675183425e-03 -1.348701833962404290e-04 3.387393235726528402e-04 3.323559971478021093e-03
-7.805737753027482530e-06 3.950078028065665393e-06 -2.083931359602537687e-07 -1.924735997674196403e-07 -7.610010057397323399e-07 6.179880053875820155e-05 -1.172035722612969986e-03 5.971391960630735921e-03 -2.857140195547533895e-06 -1.127144476561016421e-07 6.405836355144363417e-07 -5.114221633918566262e-07 -3.601974088036394121e-04 1.707363866934996763e-04 -2.212625808363954949e-03 1.302133325176323825e-03 2.087932943939528347e-03 3.510224317362850566e-04 -1.979991593749497441e-03 -3.991735538820716939e-03 1.793123335045082589e-02 5.005919343517506274e-03 -2.190292310854762275e-04 5.064330805393008495e-04 -4.007160619196603883e-04 7.821026085324548011e-04 -1.348701833962404290e-04 3.018379136154921826e-03 6.331144975809057827e-04 -1.244747217666533927e-03
-1.963086532793873238e-05 -4.267495740379951468e-06 -8.818459022519409860e-07 -7.892839250910391356e-07 6.547903656984193783e-07 1.098652711255972939e-05 -5.957899847517975729e-04 1.007978283248357407e-02 -5.550434824265071709e-06 -9.229394835323720214e-07 -1.831099600066125913e-06 -9.736570202301967026e-07 -9.321767523050694670e-03 4.435501340624601555e-04 -2.223030416312842678e-03 6.542902236145740728e-03 2.691171602657737531e-03 -1.599604534296656744e-03 -3.974089412018613223e-04 5.946803909154233306e-03 -6.753762846915160878e-02 1.705259778612700297e-02 6.455789142715983100e-03 8.043663009013839529e-03 -1.432086808247651645e-04 -3.128887942599695628e-07 3.387393235726527318e-04 6.331144975809057827e-04 6.569310091031685742e-03 7.301242569308862528e-03
-6.598949221607918272e-05 -4.229959189338937256e-05 -1.133714074642408700e-06 -1.558750679465648243e-06 5.891604422056602767e-06 -1.233065629443412092e-04 3.484396305983344412e-03 -2.297068355679726323e-02 -3.633599604717239795e-05 -6.682850477011261124e-06 -3.075221176159770698e-06 -2.207319872195523269e-06 -3.292231544993047543e-02 3.317539937558581110e-03 -1.324496931125564679e-02 8.854972130411777748e-03 8.858779628057819946e-03 -1.109528695256159665e-02 5.754848128440846408e-03 4.563062934608135002e-02 1.369220425019493197e-02 1.143713596243189218e-01 8.174894864411713646e-02 2.332633364095951234e-02 1.652378333528578753e-04 -1.068290874376824585e-03 3.323559971478021093e-03 -1.244747217666533927e-03 7.301242569308862528e-03 6.900047744779537473e-02
