# logA ns theta_MC_100 ombh2 omch2 w wa beta_DE tau A_planck calib_100T calib_217T A_cib_217 xi_sz_cib A_sz ksz_norm gal545_A_100 gal545_A_143 gal545_A_143_217 gal545_A_217 ps_A_100_100 ps_A_143_143 ps_A_143_217 ps_A_217_217 galf_TE_A_100 galf_TE_A_100_143 galf_TE_A_100_217 galf_TE_A_143 galf_TE_A_143_217 galf_TE_A_217
1.905219757507526041e-04 1.320341095484381952e-05 9.347411797420257497e-07 6.434604829209683034e-07 -4.136474807963422793e-06 3.040451305675278930e-04 1.612078624960919032e-03 3.780149902216453249e-04 8.843960678641870287e-05 9.390110495788330761e-06 6.162480365871857898e-07 7.244988209848549124e-07 -6.171064966769460036e-03 2.511989187612665049e-04 7.354977685938191186e-04 -1.371037869600647214e-03 1.504307307391097035e-03 -9.693050581823219741e-04 6.092759701000438578e-04 6.095660696845254384e-03 -6.357449732096789700e-03 -5.794178723428146903e-03 8.526725511690703019e-04 6.470416406619093098e-03 2.253098387980334257e-05 6.175335289230742347e-06 -3.816126309730620356e-06 2.557342147202173379e-06 2.727484224250577679e-05 1.776775737539250670e-04
1.320341095484381952e-05 1.671271291971999161e-05 3.277521400196958856e-07 2.511420781571635536e-07 -3.239250858598057658e-06 -6.855963477035814896e-05 -2.759409552700131207e-04 -4.608766146670796691e-05 9.887578563696187658e-06 1.125090038564504370e-06 1.936893936655685967e-08 2.859659140413145616e-08 -6.627046607961702834e-03 1.217864119455921155e-04 5.129273495321806957e-04 -1.849212867339805697e-03 7.044604169654651539e-04 -1.902155491907382495e-04 -7.527300844907415902e-05 3.078212454927789759e-03 -2.147065903457262906e-02 -5.544752583853728399e-03 1.586991340739782796e-03 7.555550518999211082e-03 5.318431968858174505e-07 7.895677487193737427e-06 8.647957593448775683e-06 9.367558436532014086e-06 -1.685597545024937978e-05 -3.369076232730211170e-05
9.347411797420257497e-07 3.277521400196958856e-07 8.895795957562272456e-08 1.879122644482506168e-08 -1.130350565749288381e-07 -3.948065509152042073e-06 1.786507535615231709e-05 1.370690800297622328e-06 4.880920345089572610e-07 2.850832713930124311e-08 1.358692902685132000e-08 1.150691092274104937e-08 2.332655885513397682e-05 -5.132902200341197528e-06 1.667823552431432752e-05 -5.682983950399941918e-05 2.188748190565027141e-05 -3.912465966402005032e-06 5.476131035044082133e-05 1.032084647984224255e-04 3.064233078689813428e-04 -7.079727423234165868e-06 -1.066970062416845629e-04 -5.295442988905457200e-05 7.334645949666125522e-07 3.134201406548558772e-07 -1.220732745392257045e-06 -3.240557750913390877e-07 -3.132441554722870976e-07 -2.843375611341371961e-06
6.434604829209683034e-07 2.511420781571635536e-07 1.879122644482506168e-08 2.178537688343704386e-08 -9.681889424206164873e-08 -6.933385783084517971e-06 9.360432358349819577e-06 3.004672127247379371e-06 3.799947214304443323e-07 5.650632442395702896e-09 1.993850870899742182e-09 2.659203719637165605e-09 -7.453524216011717140e-05 1.372336890325486134e-06 -4.264863712418779125e-06 -3.222240233556819956e-05 2.500579375874772761e-05 -1.921862947143905865e-05 -2.705013811140317018e-05 1.857487728197634765e-05 -4.130504473517274231e-04 -1.338718694150154917e-04 -6.433277427175056228e-05 -2.377982600003065246e-05 4.044649674148034147e-09 1.023255000317477464e-07 5.705141342129199480e-08 -3.795003010403842514e-08 -2.686086534826983003e-07 -1.996493315514007823e-06
-4.136474807963422793e-06 -3.239250858598057658e-06 -1.130350565749288381e-07 -9.681889424206164873e-08 1.422256948912014587e-06 1.068466952030785829e-05 9.843974897668505844e-05 -5.377302396176635769e-07 -3.554492938028655149e-06 -1.105917125053265713e-07 -3.149925227509493084e-08 -1.968317839203646647e-08 7.596943738414844560e-04 -2.138436116937848634e-05 -8.135397993010959642e-05 4.778385672256647143e-05 -1.075910704211998302e-04 -6.952902756213831309e-05 -3.332284616675247136e-04 -8.759839402346249583e-04 2.142093230925949665e-03 4.934049881058196266e-04 3.573866758750452583e-05 -2.808103024410072866e-04 1.330470027142282497e-06 -1.214568091516392537e-06 -7.262189771151255902e-07 1.728533535096780707e-07 2.657332741421927893e-06 6.565649261068212568e-06
3.040451305675279472e-04 -6.855963477035814896e-05 -3.948065509152042920e-06 -6.933385783084517971e-06 1.068466952030785829e-05 2.699794574776219203e-01 -4.166726577338237258e-01 -1.850023221443119342e-02 8.200559324671872943e-05 6.014942696649056106e-05 6.471566455173383387e-06 -4.534163389025461601e-06 1.454055549102125922e-01 5.190895883625217325e-03 -2.111488796013424180e-02 2.629016397915045350e-02 7.007942625191462480e-03 3.031558345596928848e-03 -2.180665517515216825e-02 -1.226924500903679438e-01 9.844176091853593658e-01 1.986067305291546736e-01 6.668359154026477775e-02 -1.301833867513427778e-01 -3.180636854520229077e-05 -6.915891889392455103e-05 7.704675601733250922e-04 4.074679997352210472e-04 1.364447040197157637e-03 9.307326208839554471e-03
1.612078624960919032e-03 -2.759409552700130123e-04 1.786507535615231709e-05 9.360432358349822965e-06 9.843974897668505844e-05 -4.166726577338237258e-01 1.367016745618334417e+00 3.498135671412300890e-02 7.157855682725648878e-04 -1.072713986185785446e-04 2.387275556681435983e-05 3.025329629318493576e-06 -9.239865230974340926e-02 -1.621419798302899118e-02 6.481973054331818807e-02 -6.748121916267313045e-03 -4.553485143487553954e-02 -8.795594460671615766e-02 4.830203630745541488e-02 1.444029666047073335e-01 9.616422366274152145e-02 -5.676281081856338062e-01 -5.970432572406876304e-01 -1.330472007135219681e-01 -2.574028970068190612e-03 -2.508634645909068456e-03 -4.579165926829813042e-03 8.826985178648725507e-05 1.946133620850701426e-03 -8.466696450728058293e-03
3.780149902216453249e-04 -4.608766146670796691e-05 1.370690800297622963e-06 3.004672127247379371e-06 -5.377302396176641063e-07 -1.850023221443119342e-02 3.498135671412300196e-02 1.257217723698783041e-01 1.707066409776596366e-04 2.081137781009988053e-05 -1.911650199526754000e-05 2.955334067927247471e-05 2.455808513281218172e-02 -9.968042597687019543e-03 -3.576312786212996336e-02 1.693953801616791474e-02 -1.031898376724282168e-02 -5.517231914779039022e-03 4.408739116776791422e-02 1.819219948180232915e-01 8.515394714300403844e-01 9.597588306896044641e-02 -2.816003325180547190e-01 -2.110743371425789772e-01 -1.154689890926826213e-03 -1.397254762192536416e-03 -1.094108582217085410e-03 -8.945575990819320459e-05 5.881401749482676952e-04 1.268725832560584283e-04
8.843960678641870287e-05 9.887578563696187658e-06 4.880920345089572610e-07 3.799947214304443323e-07 -3.554492938028655149e-06 8.200559324671870232e-05 7.157855682725648878e-04 1.707066409776596366e-04 4.966440531269921961e-05 -1.754212123055934358e-06 1.637149214319155317e-07 4.228701524232382725e-07 -3.945002786344240994e-03 1.301055782887220998e-04 4.711108452099430034e-04 -4.681303601299601738e-04 9.976792503268651531e-04 7.308511685829809893e-05 1.490777972912643882e-03 4.374789194876721986e-03 -9.801805311136148335e-03 -3.657738041656686135e-03 -6.271335484245121709e-04 1.001506297458443391e-03 1.112019394637570709e-05 7.759580031721407251e-06 -1.303905311102286870e-06 2.850419236164465593e-06 5.621107172176096911e-06 5.195555619537977807e-05
9.390110495788330761e-06 1.125090038564504370e-06 2.850832713930124311e-08 5.650632442395702896e-09 -1.105917125053265713e-07 6.014942696649056106e-05 -1.072713986185785446e-04 2.081137781009986698e-05 -1.754212123055934358e-06 6.718976381163248810e-06 9.581496152886862388e-08 -4.404179308567179262e-09 6.059066042478882929e-04 4.995517826673982359e-06 2.748885521925982208e-05 6.206752707046953163e-05 3.782434739564064976e-06 -8.897959424509657397e-05 -4.567516945925883935e-04 -8.548408569555220006e-05 5.410314685569231861e-03 3.254740556675622697e-04 5.532704972878735522e-04 1.592012403579640698e-03 -2.498694155774563323e-06 -2.844616662773190235e-06 1.824395507657367618e-06 -7.839834490107063118e-07 4.408359841312449618e-06 3.155075775142053080e-05
6.162480365871857898e-07 1.936893936655685967e-08 1.358692902685132000e-08 1.993850870899742182e-09 -3.149925227509493084e-08 6.471566455173384234e-06 2.387275556681435644e-05 -1.911650199526754000e-05 1.637149214319155317e-07 9.581496152886862388e-08 3.704388359168341627e-07 -2.282483270878665874e-08 -2.628198242464679728e-04 9.413061376865613673e-06 7.482559503705069526e-05 -5.557676918764104185e-05 1.378355677229919874e-04 -1.909938897613475866e-04 -9.866762942568512503e-05 1.366698143985278418e-05 3.429942438983999819e-03 1.213215150972511746e-04 5.767233717925532473e-04 5.433542517486090627e-04 -8.015457493696747307e-07 1.202707478124945841e-07 -1.897749352673878596e-06 1.071281490887366327e-06 2.143496914975911471e-06 1.293113060832872144e-05
7.244988209848549124e-07 2.859659140413145616e-08 1.150691092274104937e-08 2.659203719637165605e-09 -1.968317839203646647e-08 -4.534163389025461601e-06 3.025329629318497388e-06 2.955334067927247471e-05 4.228701524232382725e-07 -4.404179308567179262e-09 -2.282483270878665874e-08 3.955811893405434267e-07 8.479615657507826422e-04 -1.483263734085807403e-06 4.622806974508216502e-05 -6.788331513878243385e-05 -6.889042821099744898e-05 3.954338019954979188e-05 6.553825517513476619e-04 1.195746462103343356e-03 5.543570353277653493e-04 -6.702527864235998853e-05 -5.026818441340610930e-04 -1.638795343117679850e-03 1.092403847199138075e-06 -8.887295557904990749e-09 -8.645452738322749345e-07 -4.033038800460088288e-07 -1.872181996634530977e-06 -5.003238771388074863e-06
-6.171064966769460036e-03 -6.627046607961702834e-03 2.332655885513397343e-05 -7.453524216011717140e-05 7.596943738414844560e-04 1.454055549102126199e-01 -9.239865230974339538e-02 2.455808513281215744e-02 -3.945002786344241862e-03 6.059066042478882929e-04 -2.628198242464679728e-04 8.479615657507826422e-04 4.550690115734541763e+01 -4.742805413060477426e-01 -1.208093870504733713e+00 8.628932425732155354e-02 -5.438485461561439749e-01 8.483794409484017862e-01 -4.983347164056862511e+00 -3.216759286512061777e+01 4.289080622156961908e+01 -7.231372139136835187e-02 -1.758576921200350895e+01 -5.744007238379888491e+01 3.517877266985159658e-03 1.164377967445700017e-04 -7.833421983464402064e-03 -8.412349613449266600e-03 2.409127842945548575e-02 -5.156530080665547994e-02
2.511989187612665049e-04 1.217864119455921019e-04 -5.132902200341198375e-06 1.372336890325485711e-06 -2.138436116937847956e-05 5.190895883625217325e-03 -1.621419798302899465e-02 -9.968042597687019543e-03 1.301055782887220998e-04 4.995517826673984900e-06 9.413061376865613673e-06 -1.483263734085807615e-06 -4.742805413060477426e-01 8.064967416353828467e-02 -1.106231055604360580e-02 5.564046582438977873e-02 1.572798620592637600e-02 1.184533806413157718e-02 1.497499008224291717e-01 2.291469931337188348e-01 -1.320783582124827937e+00 8.322796710688095123e-01 1.722020241429719212e+00 7.266697833777525650e-01 6.544730605308780598e-05 -2.806364549572246321e-04 5.797907088794790461e-04 -8.397949334865347512e-04 4.417165815526503665e-04 1.832684942538943384e-03
7.354977685938191186e-04 5.129273495321806957e-04 1.667823552431433091e-05 -4.264863712418777431e-06 -8.135397993010958287e-05 -2.111488796013424180e-02 6.481973054331817419e-02 -3.576312786212996336e-02 4.711108452099430576e-04 2.748885521925982208e-05 7.482559503705069526e-05 4.622806974508216502e-05 -1.208093870504733713e+00 -1.106231055604361274e-02 3.608102990480325900e+00 -2.420688755690048488e+00 -3.754887522186076687e-01 1.556792128609263762e-02 2.619653275395387837e+00 3.828982328491786991e+00 -2.599021017748326656e+01 -2.358262185358960483e+00 7.769490769915924133e+00 5.382475727068899651e+00 8.732821101373801917e-04 -1.200793353955348234e-03 -5.188556320914103868e-04 -3.806036400238912813e-03 1.343874175493798640e-03 -1.134220308148216859e-02
-1.371037869600647430e-03 -1.849212867339805697e-03 -5.682983950399943951e-05 -3.222240233556820634e-05 4.778385672256650531e-05 2.629016397915045350e-02 -6.748121916267313045e-03 1.693953801616790780e-02 -4.681303601299600654e-04 6.206752707046951807e-05 -5.557676918764104185e-05 -6.788331513878243385e-05 8.628932425732167844e-02 5.564046582438977873e-02 -2.420688755690048488e+00 5.260811758627235157e+00 3.276821651013380743e-01 4.163302602447799261e-02 -1.550059625145475461e+00 -2.085944020983756086e+00 8.715156761790238349e+00 -4.457096341796480843e+00 -1.074631514926510611e+01 -8.986079647073976773e+00 -6.368581911177329663e-03 -3.179659777846599242e-03 -1.870766574982282216e-04 1.402202714691043505e-03 2.574234565055710452e-03 -4.779721450321181182e-03
1.504307307391096818e-03 7.044604169654650454e-04 2.188748190565027141e-05 2.500579375874773099e-05 -1.075910704211998302e-04 7.007942625191465949e-03 -4.553485143487552567e-02 -1.031898376724282688e-02 9.976792503268651531e-04 3.782434739564032365e-06 1.378355677229919874e-04 -6.889042821099743542e-05 -5.438485461561440859e-01 1.572798620592638294e-02 -3.754887522186076132e-01 3.276821651013380743e-01 3.511906224728082559e+00 5.329123833874814808e-01 3.034666672323456105e-01 6.100221995866750291e-01 -7.757975245629042504e+00 -4.641595739060709325e-01 -1.306233396304147254e+00 -3.792374882830290561e-01 -2.536670181593310685e-03 -3.817947752742821121e-03 1.853083559019379776e-03 -9.586944568785228139e-04 -5.031185375984874178e-04 2.712499543450139564e-02
-9.693050581823219741e-04 -1.902155491907382495e-04 -3.912465966402005032e-06 -1.921862947143905526e-05 -6.952902756213832664e-05 3.031558345596929716e-03 -8.795594460671615766e-02 -5.517231914779039889e-03 7.308511685829809893e-05 -8.897959424509654686e-05 -1.909938897613475866e-04 3.954338019954979188e-05 8.483794409484017862e-01 1.184533806413157718e-02 1.556792128609264629e-02 4.163302602447800649e-02 5.329123833874814808e-01 3.196101130591602946e+00 2.986177694307358799e+00 3.247987051751992205e+00 6.504899119533348539e+00 -1.464837625126045095e+00 -2.011504886899348588e+00 -2.915417007959020257e+00 -1.532479965505032914e-03 1.985927645300294281e-03 1.953409966141828134e-03 -2.899789981202835834e-03 -1.845629509383862887e-03 -1.362109897883006550e-02
6.092759701000438578e-04 -7.527300844907402349e-05 5.476131035044082133e-05 -2.705013811140317018e-05 -3.332284616675247136e-04 -2.180665517515217172e-02 4.830203630745541488e-02 4.408739116776791422e-02 1.490777972912643882e-03 -4.567516945925883935e-04 -9.866762942568512503e-05 6.553825517513476619e-04 -4.983347164056862511e+00 1.497499008224291439e-01 2.619653275395387837e+00 -1.550059625145475017e+00 3.034666672323456660e-01 2.986177694307359243e+00 1.161032201090394089e+01 2.031090357514069566e+01 -1.193475204220835550e+01 3.163705565196627489e+00 3.864397435162481464e+00 2.175568271496941986e+00 -9.627761927494938145e-04 -4.400476888674140739e-03 3.822369006592001191e-03 -1.051066439016554686e-02 -1.259108472864487946e-02 9.191829831780018445e-03
6.095660696845254384e-03 3.078212454927789759e-03 1.032084647984224255e-04 1.857487728197634765e-05 -8.759839402346249583e-04 -1.226924500903679438e-01 1.444029666047072780e-01 1.819219948180233193e-01 4.374789194876721986e-03 -8.548408569555220006e-05 1.366698143985278418e-05 1.195746462103343356e-03 -3.216759286512061777e+01 2.291469931337188348e-01 3.828982328491787435e+00 -2.085944020983756086e+00 6.100221995866750291e-01 3.247987051751992205e+00 2.031090357514069566e+01 5.418433283893546815e+01 -2.743104528789863039e+01 3.731397701321427451e+00 9.288753665011517668e+00 2.975632285148259726e+01 -1.342507003781284042e-03 -3.959436360771482338e-03 9.124710721176395797e-03 -6.412920382049074573e-03 -3.769437344064775763e-02 5.522540190904880880e-02
-6.357449732096789700e-03 -2.147065903457262906e-02 3.064233078689813428e-04 -4.130504473517274231e-04 2.142093230925949665e-03 9.844176091853593658e-01 9.616422366274157696e-02 8.515394714300404955e-01 -9.801805311136148335e-03 5.410314685569231861e-03 3.429942438983999819e-03 5.543570353277653493e-04 4.289080622156961908e+01 -1.320783582124827937e+00 -2.599021017748326656e+01 8.715156761790238349e+00 -7.757975245629042504e+00 6.504899119533348539e+00 -1.193475204220835550e+01 -2.743104528789863039e+01 7.312302628389984420e+02 5.433744074230500587e+01 -5.925136304443194035e+01 -6.443231724167830521e+01 -6.725198222582637157e-03 5.031660524039872212e-02 -1.142828964567964983e-01 7.799163888368185193e-02 1.018650567975802196e-01 3.265984625429826926e-01
-5.794178723428146036e-03 -5.544752583853728399e-03 -7.079727423234170103e-06 -1.338718694150154917e-04 4.934049881058196266e-04 1.986067305291546181e-01 -5.676281081856338062e-01 9.597588306896046029e-02 -3.657738041656686135e-03 3.254740556675624324e-04 1.213215150972511746e-04 -6.702527864236001564e-05 -7.231372139136837962e-02 8.322796710688095123e-01 -2.358262185358960483e+00 -4.457096341796480843e+00 -4.641595739060708214e-01 -1.464837625126045095e+00 3.163705565196627489e+00 3.731397701321427451e+00 5.433744074230500587e+01 5.492526034065441110e+01 3.868053682926689163e+01 1.762768925851454327e+01 1.850930923939365924e-02 -5.381895432340743322e-03 6.436926207288553442e-03 1.027264938283842287e-03 5.898622104081969672e-03 1.164849508500335473e-01
8.526725511690697598e-04 1.586991340739783013e-03 -1.066970062416846442e-04 -6.433277427175056228e-05 3.573866758750457326e-05 6.668359154026477775e-02 -5.970432572406876304e-01 -2.816003325180547190e-01 -6.271335484245120625e-04 5.532704972878735522e-04 5.767233717925532473e-04 -5.026818441340610930e-04 -1.758576921200350895e+01 1.722020241429719212e+00 7.769490769915924133e+00 -1.074631514926510611e+01 -1.306233396304147254e+00 -2.011504886899349032e+00 3.864397435162481464e+00 9.288753665011517668e+00 -5.925136304443194035e+01 3.868053682926689163e+01 8.598552699685829737e+01 5.870624466787210594e+01 2.128351732011483227e-02 1.159423442387592408e-03 -9.095240260547331201e-04 -1.645321098574677871e-02 2.898283216804244111e-02 9.624595692677610781e-02
6.470416406619093098e-03 7.555550518999211082e-03 -5.295442988905457200e-05 -2.377982600003065246e-05 -2.808103024410072866e-04 -1.301833867513427778e-01 -1.330472007135219403e-01 -2.110743371425790049e-01 1.001506297458443608e-03 1.592012403579640698e-03 5.433542517486090627e-04 -1.638795343117679850e-03 -5.744007238379888491e+01 7.266697833777525650e-01 5.382475727068899651e+00 -8.986079647073976773e+00 -3.792374882830291116e-01 -2.915417007959020257e+00 2.175568271496941986e+00 2.975632285148259726e+01 -6.443231724167830521e+01 1.762768925851454682e+01 5.870624466787210594e+01 1.089363436434656620e+02 9.562945750080324020e-03 7.927474002228249161e-03 -2.168278452755690623e-03 7.774387466458360443e-03 -2.074343229372769409e-02 9.931381790227562789e-02
2.253098387980334596e-05 5.318431968858175564e-07 7.334645949666125522e-07 4.044649674148034147e-09 1.330470027142282709e-06 -3.180636854520229077e-05 -2.574028970068190612e-03 -1.154689890926826213e-03 1.112019394637570709e-05 -2.498694155774563323e-06 -8.015457493696748366e-07 1.092403847199138075e-06 3.517877266985160525e-03 6.544730605308776532e-05 8.732821101373801917e-04 -6.368581911177330530e-03 -2.536670181593310685e-03 -1.532479965505032481e-03 -9.627761927494947903e-04 -1.342507003781284475e-03 -6.725198222582637157e-03 1.850930923939365924e-02 2.128351732011482880e-02 9.562945750080324020e-03 1.519129745004311636e-03 2.323124793282849436e-04 -1.354105655723305656e-04 -4.418317878753287857e-04 -1.583349331419009270e-04 1.089525183792086816e-04
6.175335289230744041e-06 7.895677487193737427e-06 3.134201406548558772e-07 1.023255000317477464e-07 -1.214568091516392537e-06 -6.915891889392453747e-05 -2.508634645909068456e-03 -1.397254762192536416e-03 7.759580031721407251e-06 -2.844616662773190659e-06 1.202707478124945047e-07 -8.887295557904990749e-09 1.164377967445697306e-04 -2.806364549572245778e-04 -1.200793353955348017e-03 -3.179659777846597941e-03 -3.817947752742821121e-03 1.985927645300294281e-03 -4.400476888674140739e-03 -3.959436360771482338e-03 5.031660524039872212e-02 -5.381895432340743322e-03 1.159423442387591324e-03 7.927474002228249161e-03 2.323124793282849436e-04 8.324321886496975631e-04 7.085726522753869200e-05 7.322587610591037126e-04 -2.878195080183893831e-05 -7.110018441909413860e-04
-3.816126309730616121e-06 8.647957593448775683e-06 -1.220732745392257045e-06 5.705141342129193524e-08 -7.262189771151256961e-07 7.704675601733252006e-04 -4.579165926829813042e-03 -1.094108582217085410e-03 -1.303905311102290893e-06 1.824395507657367618e-06 -1.897749352673879020e-06 -8.645452738322753580e-07 -7.833421983464403798e-03 5.797907088794791546e-04 -5.188556320914108205e-04 -1.870766574982282216e-04 1.853083559019378691e-03 1.953409966141827700e-03 3.822369006592001624e-03 9.124710721176395797e-03 -1.142828964567964983e-01 6.436926207288553442e-03 -9.095240260547352885e-04 -2.168278452755689756e-03 -1.354105655723305656e-04 7.085726522753867844e-05 7.450629624771660901e-03 -2.383048165947073002e-04 4.076662276970507721e-04 4.353578258438326604e-03
2.557342147202177614e-06 9.367558436532014086e-06 -3.240557750913390348e-07 -3.795003010403839205e-08 1.728533535096782030e-07 4.074679997352209930e-04 8.826985178648725507e-05 -8.945575990819306907e-05 2.850419236164463475e-06 -7.839834490107064177e-07 1.071281490887366327e-06 -4.033038800460088288e-07 -8.412349613449266600e-03 -8.397949334865347512e-04 -3.806036400238912813e-03 1.402202714691042854e-03 -9.586944568785225971e-04 -2.899789981202836701e-03 -1.051066439016554513e-02 -6.412920382049075441e-03 7.799163888368185193e-02 1.027264938283841203e-03 -1.645321098574677524e-02 7.774387466458362178e-03 -4.418317878753287857e-04 7.322587610591037126e-04 -2.383048165947073002e-04 2.821290921236345624e-03 4.008137464399156549e-04 -7.858481987345880462e-04
2.727484224250577679e-05 -1.685597545024937978e-05 -3.132441554722870976e-07 -2.686086534826983003e-07 2.657332741421927893e-06 1.364447040197156553e-03 1.946133620850702944e-03 5.881401749482676952e-04 5.621107172176095217e-06 4.408359841312449618e-06 2.143496914975911471e-06 -1.872181996634530977e-06 2.409127842945548575e-02 4.417165815526503665e-04 1.343874175493799290e-03 2.574234565055710452e-03 -5.031185375984862252e-04 -1.845629509383863104e-03 -1.259108472864487772e-02 -3.769437344064775763e-02 1.018650567975802057e-01 5.898622104081969672e-03 2.898283216804244458e-02 -2.074343229372769409e-02 -1.583349331419009270e-04 -2.878195080183892815e-05 4.076662276970507721e-04 4.008137464399156549e-04 6.516379366020381633e-03 6.526604896783953606e-03
1.776775737539250670e-04 -3.369076232730211170e-05 -2.843375611341371961e-06 -1.996493315514007399e-06 6.565649261068212568e-06 9.307326208839554471e-03 -8.466696450728060028e-03 1.268725832560582928e-04 5.195555619537976452e-05 3.155075775142053080e-05 1.293113060832872144e-05 -5.003238771388075710e-06 -5.156530080665548688e-02 1.832684942538943601e-03 -1.134220308148216512e-02 -4.779721450321181182e-03 2.712499543450139564e-02 -1.362109897883006723e-02 9.191829831780011506e-03 5.522540190904879492e-02 3.265984625429826926e-01 1.164849508500335473e-01 9.624595692677613556e-02 9.931381790227562789e-02 1.089525183792086410e-04 -7.110018441909412776e-04 4.353578258438326604e-03 -7.858481987345880462e-04 6.526604896783953606e-03 6.865562323510496223e-02
