# yp2 logA ns theta_MC_100 ombh2 omch2 w wa beta_DE tau
1.716579824416821992e-05 -2.105780959276413835e-06 -1.355889756496877059e-06 -1.449459736365424419e-07 1.290640886182838368e-07 7.025449876941510983e-07 -5.171940976070182578e-06 -1.026429138624187536e-05 1.078846018163367136e-04 -1.139784365948242172e-06
-2.105780959276413835e-06 6.102390567724930073e-04 4.977767052309211589e-05 1.982592167347126324e-06 8.534189255570701631e-07 -2.020290901482793238e-05 2.396697681112374279e-04 9.181836305729907831e-04 2.362686361110504993e-02 3.310086610915707406e-04
-1.355889756496877059e-06 4.977767052309211589e-05 2.816833558691801120e-05 9.490244870892423671e-07 3.426889452685466521e-07 -8.270592844359831393e-06 1.563988093688575820e-04 -2.639043257852077026e-04 -4.081878526534305461e-03 3.512860789655815753e-05
-1.449459736365424419e-07 1.982592167347126324e-06 9.490244870892423671e-07 4.159016829227631177e-07 2.663690903100646789e-08 -2.818835181781904634e-07 -1.313253006190405577e-06 -2.550867231296375130e-05 -1.045813695420343636e-04 1.201194683622768182e-06
1.290640886182838368e-07 8.534189255570701631e-07 3.426889452685466521e-07 2.663690903100646789e-08 3.561294728515184404e-08 -1.360080073574286949e-07 1.116290873879411247e-06 -4.931256374444641524e-06 -8.987440224732830133e-05 6.312616880157397099e-07
7.025449876941510983e-07 -2.020290901482793238e-05 -8.270592844359831393e-06 -2.818835181781904634e-07 -1.360080073574286949e-07 4.271837954917674382e-06 -4.184692810189774239e-05 1.136903088033496760e-04 2.525810311454925947e-03 -1.581061441961853202e-05
-5.171940976070172413e-06 2.396697681112375364e-04 1.563988093688575820e-04 -1.313253006190404519e-06 1.116290873879411036e-06 -4.184692810189775595e-05 4.463453687886033694e-01 -4.295117803481823815e-01 -2.015214239907174409e+00 2.040529111497006688e-04
-1.026429138624187536e-05 9.181836305729906746e-04 -2.639043257852077026e-04 -2.550867231296374791e-05 -4.931256374444641524e-06 1.136903088033496624e-04 -4.295117803481823815e-01 1.402815290734892306e+00 1.170743188162212123e+00 3.055208677871221515e-04
1.078846018163367136e-04 2.362686361110504993e-02 -4.081878526534305461e-03 -1.045813695420343636e-04 -8.987440224732830133e-05 2.525810311454925947e-03 -2.015214239907174409e+00 1.170743188162212123e+00 2.853199580857873841e+01 8.167044626882832142e-03
-1.139784365948242172e-06 3.310086610915707406e-04 3.512860789655815753e-05 1.201194683622768182e-06 6.312616880157397099e-07 -1.581061441961853202e-05 2.040529111497006959e-04 3.055208677871221515e-04 8.167044626882832142e-03 1.881718166090468199e-04
