# yp2 logA ns theta_MC_100 ombh2 omch2 w wa beta_DE tau
1.685215546778221345e-05 1.025491350261458457e-06 -5.240629922294166468e-07 -1.067980564510500265e-07 1.431216967278400178e-07 1.861942513156319155e-07 5.892057435260835915e-06 -3.400427304790830732e-05 -8.230660643515328204e-05 1.132321210670481224e-06
1.025491350261458457e-06 5.370513230715662223e-04 4.796658965562111172e-05 1.976626272018610864e-06 9.867642795903340412e-07 -2.136382421038534140e-05 -3.881971316247375954e-04 9.538905801452316488e-04 2.338077876693679669e-02 2.953698787436059001e-04
-5.240629922294166468e-07 4.796658965562111172e-05 2.082204942330486336e-05 5.093261182077010767e-07 1.821457939174018096e-07 -4.424004363670071843e-06 -6.745642491516663677e-05 2.770943064555259137e-04 3.867035217683845345e-03 2.899109109560764081e-05
-1.067980564510500265e-07 1.976626272018610864e-06 5.093261182077010767e-07 3.705619882349400092e-07 1.558881642174234235e-08 -5.282806840702496396e-08 -7.349171527417270906e-06 1.613347721918466021e-05 3.687923347544623792e-04 8.865164369040012223e-07
1.431216967278400178e-07 9.867642795903340412e-07 1.821457939174018096e-07 1.558881642174234235e-08 3.383234134742225069e-08 -5.842320003593433120e-08 -1.091306487047032945e-06 7.212996452244952250e-06 4.599875471940242081e-05 5.899865252582133337e-07
1.861942513156319155e-07 -2.136382421038534140e-05 -4.424004363670071843e-06 -5.282806840702496396e-08 -5.842320003593433120e-08 2.326010723525806591e-06 4.459658165090900800e-05 -1.654245847954059279e-04 -1.839278136093888292e-03 -1.381810612088433634e-05
5.892057435260836762e-06 -3.881971316247375954e-04 -6.745642491516663677e-05 -7.349171527417270906e-06 -1.091306487047032945e-06 4.459658165090900800e-05 3.438174905776846674e-02 -1.490129394296698662e-01 -2.044332643655615567e-01 -2.542487372757037001e-04
-3.400427304790832087e-05 9.538905801452319741e-04 2.770943064555259137e-04 1.613347721918466021e-05 7.212996452244953944e-06 -1.654245847954059279e-04 -1.490129394296698662e-01 1.027705909578105592e+00 -6.345355730180209930e-01 7.047817496335118679e-04
-8.230660643515320073e-05 2.338077876693679669e-02 3.867035217683845345e-03 3.687923347544623792e-04 4.599875471940242081e-05 -1.839278136093888292e-03 -2.044332643655615567e-01 -6.345355730180209930e-01 1.582098891034040911e+01 1.404081557360704370e-02
1.132321210670481012e-06 2.953698787436059001e-04 2.899109109560764081e-05 8.865164369040012223e-07 5.899865252582133337e-07 -1.381810612088433634e-05 -2.542487372757036459e-04 7.047817496335118679e-04 1.404081557360704370e-02 1.674494227542376655e-04
