# yp2 logA ns theta_MC_100 ombh2 omch2 w wa beta_DE tau
1.727375918781264423e-05 2.495529751179104405e-08 -8.931759712003451603e-07 -5.135823229799141552e-08 1.264167123384268265e-07 4.246768522113499445e-07 6.551271937130924630e-06 -8.450661161110933992e-05 -1.124320213934119717e-05 2.762378329856194102e-07
2.495529751179104405e-08 5.388414629669427500e-04 4.914918902600365081e-05 1.522079285716827819e-06 9.381599330929179258e-07 -2.138447779171716119e-05 -1.868610884947187673e-04 1.895235380342695812e-03 2.388216876584491749e-02 2.974378096450647560e-04
-8.931759712003451603e-07 4.914918902600365081e-05 2.213319652340011920e-05 4.590350230954037674e-07 1.984686260182407438e-07 -4.668561469419829722e-06 -2.136021594319231881e-05 3.381714766795555945e-04 3.560514819382588122e-03 3.009045064767597332e-05
-5.135823229799141552e-08 1.522079285716827819e-06 4.590350230954037674e-07 3.795327067286711375e-07 1.904351973465559443e-08 -3.696797328391853387e-08 -2.171382442316942917e-06 2.305894096926365707e-05 3.075673118870382410e-04 6.224218359261415598e-07
1.264167123384268265e-07 9.381599330929179258e-07 1.984686260182407438e-07 1.904351973465559443e-08 3.207400100902550352e-08 -5.874910499923209439e-08 2.448846180065144538e-07 8.918578884209044443e-08 8.416376549295945307e-05 5.572768779181687048e-07
4.246768522113499445e-07 -2.138447779171716119e-05 -4.668561469419829722e-06 -3.696797328391853387e-08 -5.874910499923209439e-08 2.405759397945182784e-06 7.715868143083608351e-06 -1.344433103280464226e-04 -1.703272866760510620e-03 -1.398053196884492568e-05
6.551271937130924630e-06 -1.868610884947187673e-04 -2.136021594319231881e-05 -2.171382442316942493e-06 2.448846180065144008e-07 7.715868143083608351e-06 7.050258189629125989e-03 -6.410253280877295512e-02 6.136645791662018873e-02 -1.018019912187597374e-04
-8.450661161110933992e-05 1.895235380342695595e-03 3.381714766795555945e-04 2.305894096926366045e-05 8.918578884209015327e-08 -1.344433103280464226e-04 -6.410253280877295512e-02 7.547526482302793216e-01 -1.634140769195356668e+00 1.114173037346245006e-03
-1.124320213934119717e-05 2.388216876584491749e-02 3.560514819382588122e-03 3.075673118870382410e-04 8.416376549295945307e-05 -1.703272866760510620e-03 6.136645791662019567e-02 -1.634140769195356668e+00 1.634042820447513478e+01 1.400738653088923202e-02
2.762378329856193043e-07 2.974378096450647560e-04 3.009045064767597332e-05 6.224218359261415598e-07 5.572768779181687048e-07 -1.398053196884492568e-05 -1.018019912187597374e-04 1.114173037346245657e-03 1.400738653088923202e-02 1.693311676736659627e-04
