# yp2 logA ns theta_MC_100 ombh2 omch2 w wa beta_DE tau
1.714517573558105819e-05 -3.070564709389439991e-06 -1.203245067790838535e-06 -9.986559315614760718e-08 1.258977094004630261e-07 5.619422230155128048e-07 -1.937409703900427803e-06 -7.338906614799088138e-06 -2.172654448355410028e-04 -1.462755053140996156e-06
-3.070564709389439991e-06 5.928810602741549883e-04 6.071477283197222058e-05 2.909288538897702846e-06 1.133065342153124563e-06 -2.624167854803867843e-05 -1.083599270456133947e-04 2.302028277854991419e-03 8.177649567844278919e-03 3.314857819165359289e-04
-1.203245067790838535e-06 6.071477283197222058e-05 2.548418959663198552e-05 8.226792637455936898e-07 2.989775709392280043e-07 -6.710307938349089955e-06 4.911416568672025503e-05 9.561619108323029408e-05 -6.352521955588477567e-04 3.858888598519816108e-05
-9.986559315614760718e-08 2.909288538897702846e-06 8.226792637455936898e-07 4.027339050216140419e-07 2.528517802736453253e-08 -2.368106033831584817e-07 2.686452218143845806e-06 5.523597873985643274e-06 7.182079861285921990e-05 1.621306697842071544e-06
1.258977094004630261e-07 1.133065342153124563e-06 2.989775709392280043e-07 2.528517802736453253e-08 3.533036917810100667e-08 -1.142515406975077780e-07 1.207019310061993921e-06 4.508909967506792927e-07 -7.996762788385394422e-06 7.409109582292142254e-07
5.619422230155128048e-07 -2.624167854803867843e-05 -6.710307938349089955e-06 -2.368106033831584817e-07 -1.142515406975077780e-07 3.391010301921671170e-06 -3.029265621420526602e-05 -2.885040682141910938e-06 3.490570107811123333e-04 -1.773566858638814231e-05
-1.937409703900427380e-06 -1.083599270456134082e-04 4.911416568672025503e-05 2.686452218143845806e-06 1.207019310061994133e-06 -3.029265621420526602e-05 1.067259889955930567e-02 -9.091727537824875749e-02 1.082724917774768696e-03 -1.354725200061233391e-05
-7.338906614799067810e-06 2.302028277854991853e-03 9.561619108323029408e-05 5.523597873985644121e-06 4.508909967506787104e-07 -2.885040682141910938e-06 -9.091727537824872973e-02 9.705689904476241248e-01 -8.428113723912822319e-01 1.158442618419260441e-03
-2.172654448355410028e-04 8.177649567844278919e-03 -6.352521955588477567e-04 7.182079861285920635e-05 -7.996762788385394422e-06 3.490570107811123333e-04 1.082724917774769563e-03 -8.428113723912822319e-01 1.175615967870379919e+01 3.694741470856823667e-03
-1.462755053140996368e-06 3.314857819165359289e-04 3.858888598519816108e-05 1.621306697842071544e-06 7.409109582292142254e-07 -1.773566858638814231e-05 -1.354725200061233391e-05 1.158442618419260441e-03 3.694741470856823667e-03 1.915950042693341786e-04
