# logA ns theta_MC_100 ombh2 omch2 w wa beta_DE tau A_planck calib_100T calib_217T A_cib_217 xi_sz_cib A_sz ksz_norm gal545_A_100 gal545_A_143 gal545_A_143_217 gal545_A_217 ps_A_100_100 ps_A_143_143 ps_A_143_217 ps_A_217_217 galf_TE_A_100 galf_TE_A_100_143 galf_TE_A_100_217 galf_TE_A_143 galf_TE_A_143_217 galf_TE_A_217
1.873205460273201354e-04 1.763933291732586005e-05 8.058522317959605922e-07 5.911610431724671106e-07 -6.565614831058304231e-06 -6.672616723763579805e-04 1.229024439402350878e-03 8.518132829579350834e-03 9.679146884725119951e-05 3.987985940359186023e-06 -7.012720458363593285e-10 -1.746692803496419364e-08 -1.186107479035948325e-03 8.421799662220098197e-05 8.931153632153207653e-04 -2.104263629052222518e-03 -5.506560579406562413e-04 -1.762350297749826732e-04 -4.403910127264410411e-04 -3.045893442770574041e-04 -8.722264685963652606e-03 -7.839948370778785508e-03 -1.017249010081463893e-03 8.197795941991266148e-04 6.004108079119396932e-06 1.664846800902489962e-06 1.358496241566658283e-05 -1.030613251765493477e-05 -6.788502240769038119e-06 -3.702232539748547197e-05
1.763933291732586005e-05 1.515522419061306132e-05 2.979342543221683407e-07 1.967429862845001615e-07 -2.617437259932846570e-06 -1.598869581781687057e-04 2.955140317717648828e-04 2.054747110175660692e-03 1.091493394308557688e-05 1.568380028360203158e-06 -8.439328019146056458e-08 -5.532732329071005551e-08 -3.979589446322228698e-03 1.007757407077094385e-04 9.346512098351971711e-04 -2.392150994504581123e-03 2.032498087810116099e-04 -3.631372560186755280e-04 -3.643657121428529465e-04 1.111455958471718351e-03 -2.268349922687938613e-02 -6.320960420407451506e-03 1.982805804414329229e-03 5.170296057393593790e-03 2.395505383441909287e-06 1.054931135234367477e-06 4.678098453549185188e-06 -3.372163888261612436e-06 -7.366725364226901724e-06 -1.935514686039423426e-05
8.058522317959605922e-07 2.979342543221683407e-07 8.658952202057477072e-08 1.290923949816839405e-08 -7.660144039900329394e-08 -9.275078986046160056e-06 1.434287500850585857e-05 1.306878911736739904e-04 3.643515290825507635e-07 7.884700305372419181e-08 2.521377227597606748e-12 1.729976550479125130e-09 -1.648705840071545988e-05 1.144120641221610924e-06 -4.755077629079986660e-06 -3.830843257661895606e-06 2.609572492052937998e-06 -1.139148166519544692e-05 -1.469272999559779479e-05 -1.001805594580067697e-05 -9.245198252675997032e-05 -4.719880053016485327e-05 -6.727756002660068684e-06 3.415568602766374097e-05 1.638355045286777708e-07 1.490839363132641965e-07 9.491777794654370309e-08 -1.585346501746773950e-07 -7.004636886195479800e-08 -1.682156659018370212e-06
5.911610431724671106e-07 1.967429862845001615e-07 1.290923949816839405e-08 1.961868922546207381e-08 -7.153955086032624215e-08 -5.326887113809269604e-06 1.032859741788484613e-05 6.812394798762634422e-05 2.882418919412312922e-07 4.764476389262458302e-08 2.644494564881140146e-09 -3.002266639142388641e-11 -6.571997182339699595e-05 1.784085282951685107e-06 1.839161399184973398e-05 -4.318548419516359221e-05 -5.402517479435750944e-06 -1.684972398855170728e-05 -2.214256948052807148e-05 -4.834187128671985247e-06 -3.412290076781636827e-04 -1.867060396329800552e-04 -2.615517621097643649e-05 3.831645720453349355e-05 2.636266367541108970e-08 -7.546365088611240797e-08 1.090434435321845255e-07 -3.381524158499890056e-07 -5.791989863181214604e-07 -1.665226683250903733e-06
-6.565614831058304231e-06 -2.617437259932846570e-06 -7.660144039900329394e-08 -7.153955086032624215e-08 1.075100240658395648e-06 6.854833196207811455e-05 -1.204575421626026972e-04 -8.384081596421331852e-04 -3.713232250648958707e-06 -7.868293602301334716e-07 -3.667312720844670048e-09 5.754923132688570980e-09 8.095299532352981983e-05 -6.678651801321998801e-06 -7.777474843727772043e-05 1.787781922743175223e-04 1.326743227804637315e-05 4.056886188698328040e-05 7.380435410829364528e-05 5.404311324812232335e-05 1.467796472230336810e-03 7.321474843636048297e-04 1.000777617397355086e-04 -1.612415662412401858e-04 -1.518589920634004501e-07 -2.346040317581290383e-07 -1.100507034295713165e-06 1.577553141427735227e-06 1.969917162842343960e-06 6.674976900868619685e-06
-6.672616723763579805e-04 -1.598869581781687057e-04 -9.275078986046160056e-06 -5.326887113809269604e-06 6.854833196207811455e-05 9.429925831834008731e-02 -2.359232419541029413e-01 -4.559812512911902704e-01 -3.331996930427499307e-04 -6.497468380508605965e-05 5.177537733400744795e-07 1.268216270228455300e-06 -8.746382528104681975e-03 -2.749621143839403765e-04 -1.863017256740203331e-03 1.622623633702264048e-02 -3.467996668150572729e-03 1.182481570336389211e-02 5.929504657543200816e-03 1.560319872527241893e-02 2.426094575788881047e-01 5.018663968729662750e-02 2.350325549955479751e-02 8.597934995394056895e-03 -1.470521616809617783e-04 -8.249455774822188879e-05 -1.005694800568081266e-04 1.352316878047448334e-04 2.387004188533820470e-04 -3.759192127362478921e-04
1.229024439402350878e-03 2.955140317717648828e-04 1.434287500850585857e-05 1.032859741788484613e-05 -1.204575421626026972e-04 -2.359232419541028858e-01 1.038599597928912210e+00 2.504316342882500351e-02 6.465820882696807735e-04 7.107729834454595125e-05 5.923622424404598574e-07 -8.877589397676898019e-07 -1.121771418846696962e-02 3.037167186387806136e-03 -3.140609197864226848e-02 -3.586184612357785906e-02 2.535706808895492326e-02 -3.205030060064230357e-02 -5.844491912899392461e-02 -9.283630513363785863e-02 -4.926310699399174542e-01 -8.734507677263773917e-02 -5.759241096419314559e-02 3.143429523810681303e-02 4.570573059511037241e-04 1.601096367882928805e-04 1.400188082255088068e-03 -6.500014917315529502e-05 1.474179458747853718e-04 -1.456815608456855406e-03
8.518132829579350834e-03 2.054747110175660692e-03 1.306878911736739904e-04 6.812394798762634422e-05 -8.384081596421331852e-04 -4.559812512911902704e-01 2.504316342882497923e-02 9.086227272771903785e+00 4.182085363131374245e-03 9.804012727053189324e-04 -3.582599318763956289e-05 -2.361938289708416169e-05 5.630706616155654876e-02 2.300411651445800117e-03 1.171398908553731716e-01 -2.667344354572263182e-02 1.256479458740534030e-02 -8.384403699539268173e-02 5.654243414020308084e-02 1.155064897576903310e-01 -2.460150850519980725e+00 -7.707270930627960759e-01 -3.729339480544601737e-01 -2.524732262701306906e-01 -1.474538341947362905e-04 8.019932847399386354e-04 -1.091621130201990983e-03 -1.634730639320952660e-04 -2.532620104910208742e-03 1.028596199329847444e-02
9.679146884725119951e-05 1.091493394308557688e-05 3.643515290825507635e-07 2.882418919412312922e-07 -3.713232250648958707e-06 -3.331996930427499307e-04 6.465820882696807735e-04 4.182085363131374245e-03 5.523910173004868528e-05 -2.103850558923822726e-06 -8.362519070847062292e-08 -5.575067278542423950e-09 -7.101936984082394665e-04 3.407215777169962369e-05 4.643727758096024378e-04 -9.488424535006866360e-04 -1.814870973702117527e-04 1.074214040591121920e-04 -6.831939722507064737e-05 -6.166505827931304320e-04 -6.649885127333826119e-03 -4.975300652410910227e-03 -1.548472811048658528e-03 -1.442453719032591071e-03 2.886477306491015541e-06 1.168230583917694100e-06 9.623222324157482610e-06 -3.845326904116227772e-06 -7.281414215572134196e-06 -3.544382985799898175e-05
3.987985940359186023e-06 1.568380028360203158e-06 7.884700305372419181e-08 4.764476389262458302e-08 -7.868293602301334716e-07 -6.497468380508605965e-05 7.107729834454592415e-05 9.804012727053189324e-04 -2.103850558923822726e-06 5.082947147053744344e-06 1.748906934270848238e-08 -5.668312967879418314e-09 8.425279579262612414e-04 -3.776276327338682260e-06 8.834555431881226865e-05 5.097226510217439020e-05 4.279292323821173757e-05 7.420492060955986727e-05 7.531470054531459279e-05 5.229125816580862222e-04 2.879845536720769626e-03 2.776061556636461015e-04 2.095617150382390219e-04 5.506402226864059090e-04 -7.497579069061546418e-08 3.965255928275160530e-07 -1.875797447984580145e-06 -1.899925451965921548e-06 2.310351960631483128e-06 8.884726043896163780e-06
-7.012720458363593285e-10 -8.439328019146056458e-08 2.521377227597606748e-12 2.644494564881140146e-09 -3.667312720844670048e-09 5.177537733400751147e-07 5.923622424404619749e-07 -3.582599318763956289e-05 -8.362519070847062292e-08 1.748906934270848238e-08 3.796562102726787150e-07 -1.038011917428028801e-09 -1.435774238637297978e-04 1.315928364690305541e-06 9.888052760264568353e-05 -4.738485436015959005e-05 1.788581050277674356e-04 -1.747275831291351304e-04 -3.828736129573931266e-05 2.673978354666821372e-06 3.927095889230423909e-03 -1.057199757465714812e-05 2.617018603748432902e-04 3.331833481531030518e-04 -1.080004682352329919e-07 -3.970111071678753375e-07 3.816572499879375307e-07 -9.816581798830356878e-08 -5.329198839146000600e-07 -8.414140614451869406e-07
-1.746692803496419364e-08 -5.532732329071005551e-08 1.729976550479125130e-09 -3.002266639142388641e-11 5.754923132688570980e-09 1.268216270228454453e-06 -8.877589397676882137e-07 -2.361938289708415831e-05 -5.575067278542423950e-09 -5.668312967879418314e-09 -1.038011917428028801e-09 3.869300268969775299e-07 6.839791712275279569e-04 -3.181224450501071336e-06 -4.813773491090362038e-05 1.493475151257462631e-05 1.219393498517915891e-05 -4.487811394439545639e-05 4.068159382407636059e-04 9.583478765167948192e-04 5.786721017131674213e-04 2.859380749623171075e-05 -4.860923348465338357e-04 -1.371310666225152670e-03 2.054528348437461816e-07 9.719325927500857128e-08 -1.038311512019158526e-06 -2.430984086530976552e-07 3.340769722347975449e-07 2.150630988347463469e-06
-1.186107479035948108e-03 -3.979589446322228698e-03 -1.648705840071545988e-05 -6.571997182339699595e-05 8.095299532352986049e-05 -8.746382528104687179e-03 -1.121771418846699217e-02 5.630706616155659039e-02 -7.101936984082394665e-04 8.425279579262612414e-04 -1.435774238637297978e-04 6.839791712275278485e-04 4.347058370772002434e+01 -4.134526115225876652e-01 -8.938482148940735117e-01 -1.639923815462290546e-01 3.362864439851300236e-01 6.114499226697729384e-01 -5.781773536694919891e+00 -3.263999645305428743e+01 3.914525022813958799e+01 1.036622154383908700e+00 -1.370050476132625406e+01 -5.347011851293703444e+01 -4.798682095626971046e-03 1.545466164883479380e-03 6.550064542786038528e-04 1.006144855000813687e-03 -5.664798280287455540e-04 1.135968449545919114e-02
8.421799662220098197e-05 1.007757407077094385e-04 1.144120641221610924e-06 1.784085282951685107e-06 -6.678651801321998801e-06 -2.749621143839397260e-04 3.037167186387804835e-03 2.300411651445802286e-03 3.407215777169961691e-05 -3.776276327338682260e-06 1.315928364690306600e-06 -3.181224450501070913e-06 -4.134526115225876652e-01 8.069773800221562154e-02 -3.169219797452585419e-02 3.703252974721887858e-02 -1.502001062952112043e-03 1.747250313981169034e-02 1.353043211099987653e-01 1.957576224999439674e-01 -6.064252567609149658e-01 9.196480275187555176e-01 1.701336140385534490e+00 6.637803153588022198e-01 2.982228028821355095e-04 -7.328976688750737771e-05 -2.387359918777345793e-04 -2.482923433937926226e-04 -4.975992173423725512e-04 -4.481294763233339843e-04
8.931153632153207653e-04 9.346512098351971711e-04 -4.755077629079987507e-06 1.839161399184973398e-05 -7.777474843727772043e-05 -1.863017256740208969e-03 -3.140609197864225460e-02 1.171398908553731438e-01 4.643727758096023294e-04 8.834555431881226865e-05 9.888052760264569709e-05 -4.813773491090362038e-05 -8.938482148940736227e-01 -3.169219797452585419e-02 3.824012651241730065e+00 -2.749908899854367927e+00 -1.863891132625602742e-01 1.514963398499962477e-01 2.710579673281513280e+00 3.365815943805592791e+00 -2.930801792609882028e+01 -2.548591386990423757e+00 8.188752769534414000e+00 5.579759693105099672e+00 -9.052568932265649864e-04 -1.163024384213822565e-03 2.489758685347461410e-03 -3.530686770116999037e-04 8.653879985569793050e-04 7.569578842389797224e-03
-2.104263629052222518e-03 -2.392150994504581123e-03 -3.830843257661895606e-06 -4.318548419516359221e-05 1.787781922743175223e-04 1.622623633702264048e-02 -3.586184612357787987e-02 -2.667344354572262141e-02 -9.488424535006869612e-04 5.097226510217439698e-05 -4.738485436015959005e-05 1.493475151257462631e-05 -1.639923815462290546e-01 3.703252974721887858e-02 -2.749908899854367483e+00 5.880712508804713856e+00 1.261561157280234879e-01 -1.882303774302519217e-01 -2.059397013558140976e+00 -2.244422031496264403e+00 1.374775677654322159e+01 -5.070626885950696661e+00 -1.219937180038985147e+01 -9.261287939273717740e+00 2.458996649271654421e-03 9.752777334558124494e-04 -2.501761979597005858e-03 -2.675836952777116331e-03 -9.429076586534249765e-04 -5.915182447237308551e-03
-5.506560579406562413e-04 2.032498087810116099e-04 2.609572492052940116e-06 -5.402517479435750944e-06 1.326743227804637824e-05 -3.467996668150574897e-03 2.535706808895492326e-02 1.256479458740534030e-02 -1.814870973702116985e-04 4.279292323821173757e-05 1.788581050277674085e-04 1.219393498517916060e-05 3.362864439851299680e-01 -1.502001062952110959e-03 -1.863891132625602742e-01 1.261561157280234602e-01 3.306256702016607374e+00 5.378717718727512587e-01 1.748445030806159151e-01 6.577856306151221022e-02 -6.634183250230862861e+00 -3.070940000763837663e-01 -6.747773849862709339e-01 -7.998127194590072264e-01 -1.664694271225128494e-03 2.503906259662503167e-04 7.792216157928899588e-04 -8.239108010968923448e-04 -2.070926763881020347e-03 -5.314639067524477671e-03
-1.762350297749826190e-04 -3.631372560186755280e-04 -1.139148166519544522e-05 -1.684972398855170728e-05 4.056886188698327362e-05 1.182481570336388690e-02 -3.205030060064230357e-02 -8.384403699539268173e-02 1.074214040591121920e-04 7.420492060955986727e-05 -1.747275831291351846e-04 -4.487811394439545639e-05 6.114499226697730494e-01 1.747250313981168687e-02 1.514963398499962755e-01 -1.882303774302519217e-01 5.378717718727513697e-01 3.194964348470040960e+00 2.692670415344501134e+00 2.639546938155300726e+00 5.437648011690968453e+00 -1.243369642965063582e+00 -4.573784801102548370e-01 -1.151349158777580373e+00 7.891957431383466988e-05 -2.436169424080263113e-04 -8.469918086784600881e-04 -5.357306487856045539e-04 1.008954336879642078e-03 4.086534017259966199e-03
-4.403910127264408785e-04 -3.643657121428529465e-04 -1.469272999559779479e-05 -2.214256948052807148e-05 7.380435410829364528e-05 5.929504657543205152e-03 -5.844491912899389685e-02 5.654243414020306696e-02 -6.831939722507053895e-05 7.531470054531457924e-05 -3.828736129573931266e-05 4.068159382407636059e-04 -5.781773536694919891e+00 1.353043211099987653e-01 2.710579673281513280e+00 -2.059397013558140976e+00 1.748445030806159151e-01 2.692670415344501134e+00 1.100274572609933088e+01 1.954375910185135012e+01 -1.276200641201821107e+01 4.092588779659100062e+00 5.711811314243013804e+00 5.362266724710303301e+00 -2.357841382991282195e-03 -7.188984499781895165e-04 -3.432115326595817136e-03 -3.191495535349398523e-04 1.435266545620678992e-03 6.908190675047241013e-03
-3.045893442770574583e-04 1.111455958471718351e-03 -1.001805594580067697e-05 -4.834187128671984400e-06 5.404311324812232335e-05 1.560319872527242066e-02 -9.283630513363787251e-02 1.155064897576902061e-01 -6.166505827931303236e-04 5.229125816580862222e-04 2.673978354666821372e-06 9.583478765167948192e-04 -3.263999645305428743e+01 1.957576224999439951e-01 3.365815943805592791e+00 -2.244422031496264403e+00 6.577856306151219634e-02 2.639546938155300726e+00 1.954375910185135012e+01 5.361427213243943868e+01 -2.750463913595535104e+01 5.336215263099569839e+00 9.250783088787271069e+00 3.191515935730138409e+01 -5.968538597340084309e-04 -1.220427304048678002e-03 -7.797633674543114068e-03 -3.424167364620731382e-04 3.803547907940285459e-03 9.196099256682839160e-03
-8.722264685963652606e-03 -2.268349922687938613e-02 -9.245198252675997032e-05 -3.412290076781637370e-04 1.467796472230336810e-03 2.426094575788880492e-01 -4.926310699399175652e-01 -2.460150850519980725e+00 -6.649885127333826119e-03 2.879845536720769626e-03 3.927095889230423909e-03 5.786721017131674213e-04 3.914525022813958799e+01 -6.064252567609150768e-01 -2.930801792609882028e+01 1.374775677654322159e+01 -6.634183250230862861e+00 5.437648011690968453e+00 -1.276200641201821284e+01 -2.750463913595535104e+01 7.691989631688883264e+02 6.221033319950629448e+01 -5.812507064439942894e+01 -6.522522500792794631e+01 -4.533687763563915875e-03 1.134639182995884378e-02 -3.519898791031961325e-03 2.565595226711774382e-02 3.151934048246970294e-02 9.034345059085511056e-04
-7.839948370778785508e-03 -6.320960420407451506e-03 -4.719880053016485327e-05 -1.867060396329800552e-04 7.321474843636048297e-04 5.018663968729664138e-02 -8.734507677263776693e-02 -7.707270930627958538e-01 -4.975300652410910227e-03 2.776061556636462099e-04 -1.057199757465714303e-05 2.859380749623168026e-05 1.036622154383909145e+00 9.196480275187554065e-01 -2.548591386990423757e+00 -5.070626885950696661e+00 -3.070940000763837663e-01 -1.243369642965063804e+00 4.092588779659100062e+00 5.336215263099569839e+00 6.221033319950629448e+01 6.019350906512328692e+01 4.080022599843835707e+01 1.535199379579800372e+01 -3.404136939262404279e-03 1.878853707576333670e-03 -3.685385774834271187e-03 1.017573504913148359e-02 9.166508407387759239e-03 6.574512554649154968e-03
-1.017249010081463676e-03 1.982805804414329662e-03 -6.727756002660081390e-06 -2.615517621097643649e-05 1.000777617397354544e-04 2.350325549955478710e-02 -5.759241096419313866e-02 -3.729339480544601182e-01 -1.548472811048658094e-03 2.095617150382391033e-04 2.617018603748432902e-04 -4.860923348465338357e-04 -1.370050476132625406e+01 1.701336140385534490e+00 8.188752769534414000e+00 -1.219937180038985147e+01 -6.747773849862708229e-01 -4.573784801102548370e-01 5.711811314243013804e+00 9.250783088787271069e+00 -5.812507064439942894e+01 4.080022599843835707e+01 8.695201603830187764e+01 5.409014227571876177e+01 3.563284809416117360e-03 -4.004025676615399591e-03 3.405717637744525537e-03 5.444152619651339634e-03 2.609254394227533951e-03 2.080041970743401816e-02
8.197795941991266148e-04 5.170296057393593790e-03 3.415568602766374097e-05 3.831645720453350710e-05 -1.612415662412401858e-04 8.597934995394051691e-03 3.143429523810681303e-02 -2.524732262701306351e-01 -1.442453719032591071e-03 5.506402226864059090e-04 3.331833481531030518e-04 -1.371310666225152670e-03 -5.347011851293703444e+01 6.637803153588022198e-01 5.579759693105099672e+00 -9.261287939273717740e+00 -7.998127194590072264e-01 -1.151349158777580373e+00 5.362266724710303301e+00 3.191515935730138409e+01 -6.522522500792794631e+01 1.535199379579800372e+01 5.409014227571876177e+01 1.014804455635869118e+02 4.758792418408774177e-03 -3.538117590050481910e-03 4.922072346046315293e-03 7.466739654518491504e-03 1.121305751737042798e-02 1.093743667081403977e-02
6.004108079119396932e-06 2.395505383441909287e-06 1.638355045286778237e-07 2.636266367541108970e-08 -1.518589920634005295e-07 -1.470521616809618054e-04 4.570573059511037241e-04 -1.474538341947365615e-04 2.886477306491016812e-06 -7.497579069061531859e-08 -1.080004682352329389e-07 2.054528348437462611e-07 -4.798682095626970179e-03 2.982228028821356180e-04 -9.052568932265653116e-04 2.458996649271654421e-03 -1.664694271225128494e-03 7.891957431383460212e-05 -2.357841382991282628e-03 -5.968538597340085393e-04 -4.533687763563915875e-03 -3.404136939262404279e-03 3.563284809416117794e-03 4.758792418408772443e-03 1.490775962862410852e-03 2.645176005420318767e-04 1.264955707597528701e-04 -3.680564383480808299e-04 -8.653929576655578415e-05 -1.029017104632139315e-04
1.664846800902490386e-06 1.054931135234367689e-06 1.490839363132642759e-07 -7.546365088611240797e-08 -2.346040317581288795e-07 -8.249455774822183458e-05 1.601096367882927178e-04 8.019932847399385270e-04 1.168230583917694100e-06 3.965255928275156824e-07 -3.970111071678753375e-07 9.719325927500855804e-08 1.545466164883479380e-03 -7.328976688750736415e-05 -1.163024384213822565e-03 9.752777334558127747e-04 2.503906259662504793e-04 -2.436169424080263113e-04 -7.188984499781895165e-04 -1.220427304048678002e-03 1.134639182995883858e-02 1.878853707576334754e-03 -4.004025676615399591e-03 -3.538117590050480609e-03 2.645176005420318225e-04 8.749517862570526348e-04 4.880050373671577900e-05 7.798324819161367135e-04 8.139647135960830502e-05 -8.006960215015342152e-04
1.358496241566658283e-05 4.678098453549184341e-06 9.491777794654372956e-08 1.090434435321844990e-07 -1.100507034295712741e-06 -1.005694800568081266e-04 1.400188082255088068e-03 -1.091621130201990116e-03 9.623222324157484304e-06 -1.875797447984579721e-06 3.816572499879375836e-07 -1.038311512019158314e-06 6.550064542786034191e-04 -2.387359918777346877e-04 2.489758685347460976e-03 -2.501761979597005425e-03 7.792216157928897420e-04 -8.469918086784600881e-04 -3.432115326595815835e-03 -7.797633674543113201e-03 -3.519898791031959157e-03 -3.685385774834272488e-03 3.405717637744523803e-03 4.922072346046311823e-03 1.264955707597528701e-04 4.880050373671577900e-05 7.057323718004404091e-03 -3.415666405439672757e-04 6.661667148641443794e-04 4.490511653934881921e-03
-1.030613251765493646e-05 -3.372163888261612012e-06 -1.585346501746773950e-07 -3.381524158499890056e-07 1.577553141427735439e-06 1.352316878047448063e-04 -6.500014917315520015e-05 -1.634730639320948595e-04 -3.845326904116226925e-06 -1.899925451965921548e-06 -9.816581798830347613e-08 -2.430984086530977082e-07 1.006144855000814771e-03 -2.482923433937926226e-04 -3.530686770117000121e-04 -2.675836952777115030e-03 -8.239108010968925616e-04 -5.357306487856047707e-04 -3.191495535349398523e-04 -3.424167364620731382e-04 2.565595226711774035e-02 1.017573504913148359e-02 5.444152619651340501e-03 7.466739654518490636e-03 -3.680564383480808299e-04 7.798324819161367135e-04 -3.415666405439672757e-04 3.010769950978071409e-03 5.822408997417254962e-04 -1.130318285288178445e-03
-6.788502240769038119e-06 -7.366725364226900877e-06 -7.004636886195469212e-08 -5.791989863181215663e-07 1.969917162842343960e-06 2.387004188533820470e-04 1.474179458747851550e-04 -2.532620104910208742e-03 -7.281414215572135890e-06 2.310351960631483551e-06 -5.329198839146000600e-07 3.340769722347976508e-07 -5.664798280287464214e-04 -4.975992173423727681e-04 8.653879985569793050e-04 -9.429076586534245429e-04 -2.070926763881019480e-03 1.008954336879642078e-03 1.435266545620679426e-03 3.803547907940285459e-03 3.151934048246970294e-02 9.166508407387759239e-03 2.609254394227533951e-03 1.121305751737042798e-02 -8.653929576655578415e-05 8.139647135960831857e-05 6.661667148641443794e-04 5.822408997417254962e-04 6.409520851464835418e-03 7.893331307989316301e-03
-3.702232539748547197e-05 -1.935514686039423765e-05 -1.682156659018370001e-06 -1.665226683250903733e-06 6.674976900868622226e-06 -3.759192127362483257e-04 -1.456815608456854755e-03 1.028596199329847097e-02 -3.544382985799898175e-05 8.884726043896162085e-06 -8.414140614451869406e-07 2.150630988347463045e-06 1.135968449545919634e-02 -4.481294763233338216e-04 7.569578842389798959e-03 -5.915182447237304214e-03 -5.314639067524476804e-03 4.086534017259963597e-03 6.908190675047242747e-03 9.196099256682839160e-03 9.034345059085511056e-04 6.574512554649159304e-03 2.080041970743401816e-02 1.093743667081403977e-02 -1.029017104632139586e-04 -8.006960215015342152e-04 4.490511653934881053e-03 -1.130318285288178445e-03 7.893331307989316301e-03 7.243454550926375912e-02
